TIME =   0.00000E+00
   0.00000000E+00   5.00000000E+00   2.50000000E+00   0.00000000E+00   0.00000000E+00   0.00000000E+00
   4.00000000E-02   4.96690000E+00   2.40000000E+00   3.38000000E-02   1.00000000E-01   2.01147200E-01
   8.00000000E-02   4.93380000E+00   2.30000000E+00   6.76000000E-02   2.00000000E-01   4.02294400E-01
   1.20000000E-01   4.90070000E+00   2.20000000E+00   1.01400000E-01   3.00000000E-01   6.03441600E-01
   1.60000000E-01   4.86760000E+00   2.10000000E+00   1.35200000E-01   4.00000000E-01   8.04588800E-01
   2.00000000E-01   4.83450000E+00   2.00000000E+00   1.69000000E-01   5.00000000E-01   1.00573600E+00
   2.40000000E-01   4.80140000E+00   1.90000000E+00   2.02800000E-01   6.00000000E-01   1.20688320E+00
   2.80000000E-01   4.76830000E+00   1.80000000E+00   2.36600000E-01   7.00000000E-01   1.40803040E+00
   3.20000000E-01   4.73520000E+00   1.70000000E+00   2.70400000E-01   8.00000000E-01   1.60917760E+00
   3.60000000E-01   4.70210000E+00   1.60000000E+00   3.04200000E-01   9.00000000E-01   1.81032480E+00
   4.00000000E-01   4.66900000E+00   1.50000000E+00   3.38000000E-01   1.00000000E+00   2.01147200E+00
   4.40000000E-01   4.63590000E+00   1.40000000E+00   3.71800000E-01   1.10000000E+00   2.21261920E+00
   4.80000000E-01   4.60280000E+00   1.30000000E+00   4.05600000E-01   1.20000000E+00   2.41376640E+00
   5.20000000E-01   4.56970000E+00   1.20000000E+00   4.39400000E-01   1.30000000E+00   2.61491360E+00
   5.60000000E-01   4.53660000E+00   1.10000000E+00   4.73200000E-01   1.40000000E+00   2.81606080E+00
   6.00000000E-01   4.50350000E+00   1.00000000E+00   5.07000000E-01   1.50000000E+00   3.01720800E+00
   6.40000000E-01   4.47040000E+00   9.00000000E-01   5.40800000E-01   1.60000000E+00   3.21835520E+00
   6.80000000E-01   4.43730000E+00   8.00000000E-01   5.74600000E-01   1.70000000E+00   3.41950240E+00
   7.20000000E-01   4.40420000E+00   7.00000000E-01   6.08400000E-01   1.80000000E+00   3.62064960E+00
   7.60000000E-01   4.37110000E+00   6.00000000E-01   6.42200000E-01   1.90000000E+00   3.82179680E+00
   8.00000000E-01   4.33800000E+00   5.00000000E-01   6.76000000E-01   2.00000000E+00   4.02294400E+00
   8.40000000E-01   4.30490000E+00   4.00000000E-01   7.09800000E-01   2.10000000E+00   4.22409120E+00
   8.80000000E-01   4.27180000E+00   3.00000000E-01   7.43600000E-01   2.20000000E+00   4.42523840E+00
   9.20000000E-01   4.23870000E+00   2.00000000E-01   7.77400000E-01   2.30000000E+00   4.62638560E+00
   9.60000000E-01   4.20560000E+00   1.00000000E-01   8.11200000E-01   2.40000000E+00   4.82753280E+00
   1.00000000E+00   4.17250000E+00   0.00000000E+00   8.45000000E-01   2.50000000E+00   5.02868000E+00
TIME =   1.00000E+00
   0.00000000E+00   5.00000000E+00   2.50000000E+00   0.00000000E+00   0.00000000E+00   0.00000000E+00
   3.28022611E-02   4.94617945E+00   2.35108595E+00   4.29095719E-02   1.46958005E-01   1.37118006E-01
   5.94368325E-02   4.91006347E+00   2.24587279E+00   7.42766998E-02   2.53912359E-01   2.50363614E-01
   9.24579753E-02   4.87203056E+00   2.12977501E+00   1.09941089E-01   3.74382358E-01   3.92840799E-01
   1.28104901E-01   4.83627813E+00   2.01677738E+00   1.45638012E-01   4.93199933E-01   5.48901375E-01
   1.67132208E-01   4.80073047E+00   1.90247807E+00   1.82548506E-01   6.13802732E-01   7.22173204E-01
   2.08199843E-01   4.76522886E+00   1.78839511E+00   2.19940051E-01   7.33579092E-01   9.07041094E-01
   2.50302093E-01   4.72948580E+00   1.67484683E+00   2.57462854E-01   8.51666864E-01   1.09917803E+00
   2.92607146E-01   4.69354883E+00   1.56230387E+00   2.94788460E-01   9.67550741E-01   1.29489446E+00
   3.34693213E-01   4.65752889E+00   1.45087298E+00   3.31785876E-01   1.08137127E+00   1.49227847E+00
   3.76370585E-01   4.62155962E+00   1.34057355E+00   3.68406954E-01   1.19340583E+00   1.69044742E+00
   4.17564526E-01   4.58574658E+00   1.23141064E+00   4.04638233E-01   1.30386917E+00   1.88903868E+00
   4.58235021E-01   4.55016150E+00   1.12344042E+00   4.40466021E-01   1.41280608E+00   2.08784557E+00
   4.98343963E-01   4.51484848E+00   1.01679632E+00   4.75863673E-01   1.52006449E+00   2.28666344E+00
   5.37848515E-01   4.47983797E+00   9.11704281E-01   5.10787621E-01   1.62529692E+00   2.48525669E+00
   5.76713264E-01   4.44516377E+00   8.08484390E-01   5.45179621E-01   1.72798911E+00   2.68341895E+00
   6.14934987E-01   4.41088266E+00   7.07538827E-01   5.78972724E-01   1.82751759E+00   2.88110191E+00
   6.52572907E-01   4.37709538E+00   6.09330641E-01   6.12098285E-01   1.92322714E+00   3.07858087E+00
   6.89776381E-01   4.34396805E+00   5.14368089E-01   6.44489625E-01   2.01450131E+00   3.27661672E+00
   7.26812928E-01   4.31175175E+00   4.23197616E-01   6.76083320E-01   2.10081442E+00   3.47662933E+00
   7.64094997E-01   4.28081219E+00   3.36433219E-01   7.06810119E-01   2.18174098E+00   3.68087261E+00
   8.02256310E-01   4.25164401E+00   2.54744024E-01   7.36605300E-01   2.25699938E+00   3.89289119E+00
   8.42155072E-01   4.22499280E+00   1.79120974E-01   7.65321935E-01   2.32624629E+00   4.11758097E+00
   8.85511596E-01   4.20171239E+00   1.10312921E-01   7.92982479E-01   2.38967693E+00   4.36485436E+00
   9.33559821E-01   4.18381888E+00   5.16960592E-02   8.18633083E-01   2.44550233E+00   4.64196189E+00
   1.00000000E+00   4.17250000E+00   0.00000000E+00   8.45000000E-01   2.50000000E+00   5.02868000E+00
TIME =   2.00000E+00
   0.00000000E+00   5.00000000E+00   2.50000000E+00   0.00000000E+00   0.00000000E+00   0.00000000E+00
   2.74330198E-02   4.93750317E+00   2.33329261E+00   4.46435183E-02   1.63346431E-01   1.11329249E-01
   4.91391809E-02   4.89541495E+00   2.21636168E+00   7.68609902E-02   2.80972689E-01   2.01163942E-01
   7.51792670E-02   4.85198822E+00   2.09037085E+00   1.12496519E-01   4.10469750E-01   3.10776332E-01
   1.02958728E-01   4.81227631E+00   1.97003929E+00   1.47509321E-01   5.36732243E-01   4.29676544E-01
   1.33569772E-01   4.77433714E+00   1.85046933E+00   1.83273236E-01   6.64252395E-01   5.62789999E-01
   1.66807912E-01   4.73792726E+00   1.73216201E+00   2.19577717E-01   7.91761660E-01   7.09557491E-01
   2.02522467E-01   4.70236256E+00   1.61457925E+00   2.56461879E-01   9.18925944E-01   8.69624182E-01
   2.40137894E-01   4.66717166E+00   1.49797254E+00   2.93675660E-01   1.04455054E+00   1.04068778E+00
   2.78908787E-01   4.63201266E+00   1.38274765E+00   3.30906634E-01   1.16745310E+00   1.21956546E+00
   3.18104956E-01   4.59674335E+00   1.26939881E+00   3.67848326E-01   1.28666843E+00   1.40301667E+00
   3.57198988E-01   4.56136151E+00   1.15830876E+00   4.04291309E-01   1.40163734E+00   1.58863298E+00
   3.95892810E-01   4.52594730E+00   1.04974601E+00   4.40123009E-01   1.51209683E+00   1.77501368E+00
   4.34069141E-01   4.49062717E+00   9.43927925E-01   4.75292660E-01   1.61791667E+00   1.96158419E+00
   4.71739205E-01   4.45555479E+00   8.41066413E-01   5.09781062E-01   1.71900045E+00   2.14838180E+00
   5.09008470E-01   4.42090470E+00   7.41388323E-01   5.43582554E-01   1.81524998E+00   2.33591579E+00
   5.46060746E-01   4.38687360E+00   6.45141701E-01   5.76696091E-01   1.90656444E+00   2.52511048E+00
   5.83156238E-01   4.35368616E+00   5.52599206E-01   6.09121022E-01   1.99284937E+00   2.71731521E+00
   6.20641921E-01   4.32160442E+00   4.64065783E-01   6.40854559E-01   2.07402271E+00   2.91437793E+00
   6.58978501E-01   4.29094139E+00   3.79891960E-01   6.71890420E-01   2.15001663E+00   3.11880915E+00
   6.98793245E-01   4.26208242E+00   3.00497169E-01   7.02217434E-01   2.22077503E+00   3.33409153E+00
   7.40991879E-01   4.23551564E+00   2.26393084E-01   7.31824213E-01   2.28626303E+00   3.56532362E+00
   7.86971404E-01   4.21190254E+00   1.58262567E-01   7.60693860E-01   2.34645516E+00   3.82044442E+00
   8.39308131E-01   4.19215874E+00   9.69098746E-02   7.88889801E-01   2.40151194E+00   4.11415624E+00
   9.03147099E-01   4.17790144E+00   4.38643250E-02   8.16434718E-01   2.45158269E+00   4.47590745E+00
   1.00000000E+00   4.17250000E+00   0.00000000E+00   8.45000000E-01   2.50000000E+00   5.02868000E+00
TIME =   4.00000E+00
   0.00000000E+00   5.00000000E+00   2.50000000E+00   0.00000000E+00   0.00000000E+00   0.00000000E+00
   2.06337155E-02   4.92465860E+00   2.31031199E+00   4.64037688E-02   1.81638944E-01   7.93863825E-02
   3.64776650E-02   4.87288725E+00   2.17697447E+00   7.96854835E-02   3.11693161E-01   1.41784765E-01
   5.46863833E-02   4.81951676E+00   2.03562946E+00   1.15629270E-01   4.51690508E-01   2.14983625E-01
   7.35271385E-02   4.77037849E+00   1.90168215E+00   1.50433052E-01   5.86544811E-01   2.92282853E-01
   9.36081502E-02   4.72392775E+00   1.77118623E+00   1.85135551E-01   7.19961387E-01   3.76298860E-01
   1.14923033E-01   4.68033127E+00   1.64488005E+00   2.19578170E-01   8.50968789E-01   4.67175843E-01
   1.37667628E-01   4.63930588E+00   1.52229926E+00   2.53922463E-01   9.79764314E-01   5.65930958E-01
   1.61957463E-01   4.60055600E+00   1.40319351E+00   2.88259046E-01   1.10616551E+00   6.73261322E-01
   1.87881445E-01   4.56383528E+00   1.28750639E+00   3.22619153E-01   1.22976197E+00   7.89768905E-01
   2.15485427E-01   4.52878385E+00   1.17506529E+00   3.57047223E-01   1.35013310E+00   9.15871916E-01
   2.44742643E-01   4.49512749E+00   1.06599278E+00   3.91486275E-01   1.46654306E+00   1.05166717E+00
   2.75568319E-01   4.46256720E+00   9.60371837E-01   4.25868218E-01   1.57829566E+00   1.19697050E+00
   3.07814444E-01   4.43089959E+00   8.58438291E-01   4.60064249E-01   1.68464209E+00   1.35127945E+00
   3.41343976E-01   4.39999702E+00   7.60415043E-01   4.93947481E-01   1.78500898E+00   1.51411719E+00
   3.76066350E-01   4.36983402E+00   6.66520820E-01   5.27402630E-01   1.87902427E+00   1.68520758E+00
   4.11989567E-01   4.34047765E+00   5.76938884E-01   5.60346468E-01   1.96653991E+00   1.86474528E+00
   4.49252857E-01   4.31207476E+00   4.91824275E-01   5.92732294E-01   2.04758724E+00   2.05358337E+00
   4.88155693E-01   4.28484088E+00   4.11326105E-01   6.24546746E-01   2.12231339E+00   2.25341159E+00
   5.29201889E-01   4.25905585E+00   3.35611781E-01   6.55806010E-01   2.19092770E+00   2.46701945E+00
   5.73193091E-01   4.23506812E+00   2.64881034E-01   6.86560589E-01   2.25367765E+00   2.69882794E+00
   6.21415998E-01   4.21332451E+00   1.99397668E-01   7.16903980E-01   2.31083592E+00   2.95593790E+00
   6.76192521E-01   4.19440466E+00   1.39419020E-01   7.47061225E-01   2.36282272E+00   3.25116586E+00
   7.41970101E-01   4.17927218E+00   8.54857976E-02   7.77384128E-01   2.41013007E+00   3.60910121E+00
   8.33420261E-01   4.16962076E+00   3.71041350E-02   8.09756334E-01   2.45525722E+00   4.11069485E+00
   1.00000000E+00   4.17250000E+00   0.00000000E+00   8.45000000E-01   2.50000000E+00   5.02868000E+00
TIME =   8.00000E+00
   0.00000000E+00   5.00000000E+00   2.50000000E+00   0.00000000E+00   0.00000000E+00   0.00000000E+00
   1.42266421E-02   4.90977182E+00   2.29862875E+00   4.82113842E-02   1.73069611E-01   5.11104441E-02
   2.48168579E-02   4.84670994E+00   2.15703614E+00   8.25023394E-02   2.96085427E-01   9.01791687E-02
   3.64996911E-02   4.78154517E+00   2.00875332E+00   1.18766678E-01   4.26024713E-01   1.34325234E-01
   4.82923373E-02   4.72021880E+00   1.86743061E+00   1.53732180E-01   5.51076161E-01   1.79969833E-01
   6.04413645E-02   4.66160501E+00   1.73042882E+00   1.88062776E-01   6.73539188E-01   2.28112252E-01
   7.29542733E-02   4.60591189E+00   1.59821389E+00   2.21667261E-01   7.93002094E-01   2.78852701E-01
   8.58979337E-02   4.55309786E+00   1.47065237E+00   2.54605824E-01   9.09586019E-01   3.32535735E-01
   9.93386252E-02   4.50317754E+00   1.34773741E+00   2.86911029E-01   1.02330185E+00   3.89518249E-01
   1.13357268E-01   4.45616379E+00   1.22944808E+00   3.18623893E-01   1.13417596E+00   4.50233824E-01
   1.28050175E-01   4.41208258E+00   1.11578197E+00   3.49786684E-01   1.24222272E+00   5.15200003E-01
   1.43535141E-01   4.37097338E+00   1.00675140E+00   3.80445502E-01   1.34745015E+00   5.85049357E-01
   1.59956384E-01   4.33288834E+00   9.02384762E-01   4.10651336E-01   1.44985432E+00   6.60556622E-01
   1.77492505E-01   4.29788268E+00   8.02710977E-01   4.40465938E-01   1.54942549E+00   7.42681012E-01
   1.96364965E-01   4.26600596E+00   7.07747953E-01   4.69966776E-01   1.64614860E+00   8.32612963E-01
   2.16851504E-01   4.23731570E+00   6.17523023E-01   4.99244916E-01   1.73999210E+00   9.31846887E-01
   2.39319687E-01   4.21190274E+00   5.32103926E-01   5.28404433E-01   1.83089740E+00   1.04235572E+00
   2.64276532E-01   4.18986465E+00   4.51549373E-01   5.57585713E-01   1.91880075E+00   1.16685131E+00
   2.92419787E-01   4.17129647E+00   3.75905201E-01   5.86974549E-01   2.00361346E+00   1.30906188E+00
   3.24742419E-01   4.15630643E+00   3.05223751E-01   6.16813200E-01   2.08520393E+00   1.47428732E+00
   3.62736721E-01   4.14502837E+00   2.39569615E-01   6.47428467E-01   2.16338271E+00   1.67047961E+00
   4.08788903E-01   4.13765238E+00   1.79045943E-01   6.79272036E-01   2.23787095E+00   1.91033237E+00
   4.67317754E-01   4.13451115E+00   1.23673286E-01   7.13119446E-01   2.30851743E+00   2.21729343E+00
   5.48073964E-01   4.13647786E+00   7.35461721E-02   7.50410507E-01   2.37543798E+00   2.64299836E+00
   6.86212261E-01   4.14685165E+00   2.82378187E-02   7.95668199E-01   2.44156811E+00   3.37314141E+00
   1.00000000E+00   4.17250000E+00   0.00000000E+00   8.45000000E-01   2.50000000E+00   5.02868000E+00
TIME =   1.20000E+01
   0.00000000E+00   5.00000000E+00   2.50000000E+00   0.00000000E+00   0.00000000E+00   0.00000000E+00
   1.31766225E-02   4.90028467E+00   2.28906318E+00   5.21792338E-02   1.69118061E-01   4.62244937E-02
   2.29128586E-02   4.83048101E+00   2.14099117E+00   8.91564642E-02   2.88935591E-01   8.13720103E-02
   3.35540321E-02   4.75843478E+00   1.98655393E+00   1.28020430E-01   4.14810790E-01   1.20801352E-01
   4.42445065E-02   4.69037724E+00   1.83926487E+00   1.65427047E-01   5.35883044E-01   1.61463198E-01
   5.51842104E-02   4.62521349E+00   1.69668043E+00   2.02003774E-01   6.54158286E-01   2.04156149E-01
   6.63831783E-02   4.56314338E+00   1.55919352E+00   2.37668951E-01   7.69344518E-01   2.48980081E-01
   7.78961449E-02   4.50414364E+00   1.42668948E+00   2.72472378E-01   8.81572871E-01   2.96218216E-01
   8.97794044E-02   4.44824375E+00   1.29915802E+00   3.06440831E-01   9.90896867E-01   3.46173859E-01
   1.02101881E-01   4.39547825E+00   1.17658281E+00   3.39607211E-01   1.09738547E+00   3.99217560E-01
   1.14946588E-01   4.34589824E+00   1.05896405E+00   3.72005848E-01   1.20110636E+00   4.55797297E-01
   1.28415312E-01   4.29957301E+00   9.46317073E-01   4.03674363E-01   1.30212983E+00   5.16463253E-01
   1.42634586E-01   4.25659468E+00   8.38676453E-01   4.34654617E-01   1.40052899E+00   5.81899994E-01
   1.57764355E-01   4.21708384E+00   7.36100138E-01   4.64994357E-01   1.49638104E+00   6.52972797E-01
   1.74010675E-01   4.18119700E+00   6.38674646E-01   4.94749680E-01   1.58976924E+00   7.30795420E-01
   1.91645102E-01   4.14913621E+00   5.46520793E-01   5.23989008E-01   1.68078674E+00   8.16833098E-01
   2.11036210E-01   4.12116177E+00   4.59797786E-01   5.52800353E-01   1.76954644E+00   9.13069347E-01
   2.32706056E-01   4.09760764E+00   3.78695801E-01   5.81307690E-01   1.85621025E+00   1.02230350E+00
   2.57444788E-01   4.07890462E+00   3.03398960E-01   6.09710265E-01   1.94107040E+00   1.14875357E+00
   2.86569106E-01   4.06564035E+00   2.34008231E-01   6.38371114E-01   2.02473527E+00   1.29941697E+00
   3.22518245E-01   4.05874937E+00   1.70515925E-01   6.67973266E-01   2.10840392E+00   1.48721298E+00
   3.70315654E-01   4.05998118E+00   1.13020356E-01   6.99766193E-01   2.19412509E+00   1.73866891E+00
   4.41172335E-01   4.07267784E+00   6.27069178E-02   7.35722715E-01   2.28423103E+00   2.11269557E+00
   5.54839998E-01   4.10016067E+00   2.51476000E-02   7.75905447E-01   2.37414647E+00   2.71172661E+00
   7.22365778E-01   4.13579694E+00   6.74798667E-03   8.12800706E-01   2.44532570E+00   3.58882893E+00
   1.00000000E+00   4.17250000E+00   0.00000000E+00   8.45000000E-01   2.50000000E+00   5.02868000E+00
TIME =   1.60000E+01
   0.00000000E+00   5.00000000E+00   2.50000000E+00   0.00000000E+00   0.00000000E+00   0.00000000E+00
   1.34300760E-02   4.89353503E+00   2.27902896E+00   5.58300055E-02   1.71994297E-01   4.68118597E-02
   2.33545402E-02   4.81900944E+00   2.12397719E+00   9.53652994E-02   2.93777783E-01   8.24735019E-02
   3.41950691E-02   4.74215644E+00   1.96247635E+00   1.36849618E-01   4.21541160E-01   1.22521109E-01
   4.50768912E-02   4.66966476E+00   1.80874039E+00   1.76689360E-01   5.44204542E-01   1.63854681E-01
   5.62090252E-02   4.60034818E+00   1.66016786E+00   2.15564383E-01   6.63850690E-01   2.07310047E-01
   6.76041773E-02   4.53442701E+00   1.51717586E+00   2.53384362E-01   7.80189857E-01   2.53003968E-01
   7.93225490E-02   4.47187867E+00   1.37963863E+00   2.90202537E-01   8.93373231E-01   3.01249319E-01
   9.14269920E-02   4.41274020E+00   1.24754433E+00   3.26046584E-01   1.00347183E+00   3.52386067E-01
   1.03995159E-01   4.35705632E+00   1.12087623E+00   3.60950696E-01   1.11057459E+00   4.06833697E-01
   1.17121737E-01   4.30489305E+00   9.99637795E-01   3.94950339E-01   1.21477146E+00   4.65105789E-01
   1.30924487E-01   4.25634078E+00   8.83852016E-01   4.28084308E-01   1.31615852E+00   5.27842233E-01
   1.45552283E-01   4.21152133E+00   7.73567168E-01   4.60395775E-01   1.41483955E+00   5.95852654E-01
   1.61197030E-01   4.17059716E+00   6.68863439E-01   4.91934138E-01   1.51092930E+00   6.70180457E-01
   1.78111693E-01   4.13378429E+00   5.69862148E-01   5.22757727E-01   1.60455810E+00   7.52199347E-01
   1.96638844E-01   4.10137027E+00   4.76737154E-01   5.52938427E-01   1.69588023E+00   8.43765527E-01
   2.17259435E-01   4.07373835E+00   3.89723767E-01   5.82571516E-01   1.78509455E+00   9.47476433E-01
   2.40687400E-01   4.05140034E+00   3.09107691E-01   6.11801582E-01   1.87250637E+00   1.06717038E+00
   2.68092794E-01   4.03505250E+00   2.35139777E-01   6.40901666E-01   1.95873116E+00   1.20910307E+00
   3.01669733E-01   4.02576705E+00   1.67913183E-01   6.70452253E-01   2.04514410E+00   1.38494808E+00
   3.46137845E-01   4.02561913E+00   1.07481054E-01   7.01657446E-01   2.13458175E+00   1.61972138E+00
   4.11704533E-01   4.03888176E+00   5.56234408E-02   7.36181764E-01   2.23035195E+00   1.96719512E+00
   5.09196556E-01   4.06859899E+00   2.04585018E-02   7.71832024E-01   2.32448869E+00   2.48271624E+00
   6.31017863E-01   4.10530522E+00   5.92079594E-03   8.01198071E-01   2.39760917E+00   3.12205665E+00
   7.73506408E-01   4.13860760E+00   1.46853278E-03   8.23657520E-01   2.45065430E+00   3.86275126E+00
   1.00000000E+00   4.17250000E+00   0.00000000E+00   8.45000000E-01   2.50000000E+00   5.02868000E+00
TIME =   2.40000E+01
   0.00000000E+00   5.00000000E+00   2.50000000E+00   0.00000000E+00   0.00000000E+00   0.00000000E+00
   1.36704552E-02   4.88966657E+00   2.27327272E+00   5.81690061E-02   1.73414133E-01   4.75325877E-02
   2.37780118E-02   4.81243748E+00   2.11420636E+00   9.93492030E-02   2.96179349E-01   8.38007942E-02
   3.48207387E-02   4.73283161E+00   1.94862693E+00   1.42527739E-01   4.24897309E-01   1.24575650E-01
   4.59028497E-02   4.65782886E+00   1.79121056E+00   1.83935793E-01   5.48330827E-01   1.66689393E-01
   5.72424580E-02   4.58617766E+00   1.63923838E+00   2.24293358E-01   6.68624143E-01   2.11015873E-01
   6.88539999E-02   4.51811341E+00   1.49314861E+00   2.63502660E-01   7.85483631E-01   2.57683929E-01
   8.08022773E-02   4.45361296E+00   1.35280694E+00   3.01619652E-01   8.99073647E-01   3.07031345E-01
   9.31554758E-02   4.39271812E+00   1.21820106E+00   3.38672473E-01   1.00947529E+00   3.59427993E-01
   1.05998388E-01   4.33547993E+00   1.08931409E+00   3.74696151E-01   1.11678972E+00   4.15333333E-01
   1.19435235E-01   4.28197407E+00   9.66151880E-01   4.09726834E-01   1.22112071E+00   4.75314413E-01
   1.33596843E-01   4.23230486E+00   8.48742783E-01   4.43803986E-01   1.32258089E+00   5.40084305E-01
   1.48650423E-01   4.18661424E+00   7.37144597E-01   4.76971465E-01   1.42129450E+00   6.10555007E-01
   1.64814299E-01   4.14509371E+00   6.31453068E-01   5.09279456E-01   1.51740244E+00   6.87916789E-01
   1.82380665E-01   4.10800171E+00   5.31814031E-01   5.40787334E-01   1.61106961E+00   7.73760238E-01
   2.01752523E-01   4.07568830E+00   4.38438901E-01   5.71568757E-01   1.70249822E+00   8.70273527E-01
   2.23509143E-01   4.04862967E+00   3.51616791E-01   6.01723682E-01   1.79196030E+00   9.80590089E-01
   2.48542349E-01   4.02747650E+00   2.71691689E-01   6.31415794E-01   1.87990290E+00   1.10950928E+00
   2.78408473E-01   4.01315377E+00   1.98927066E-01   6.60994778E-01   1.96729684E+00   1.26535589E+00
   3.16295960E-01   4.00724559E+00   1.33372497E-01   6.91267697E-01   2.05640153E+00   1.46510180E+00
   3.69494420E-01   4.01319490E+00   7.55567950E-02   7.23780646E-01   2.15149218E+00   1.74737202E+00
   4.49763711E-01   4.03640434E+00   3.10939042E-02   7.58516046E-01   2.25214200E+00   2.17354950E+00
   5.51024807E-01   4.07171413E+00   9.58673734E-03   7.87804128E-01   2.33650002E+00   2.70810134E+00
   6.65028612E-01   4.10754421E+00   2.47479529E-03   8.10016396E-01   2.40016373E+00   3.30427210E+00
   7.95884022E-01   4.13932752E+00   4.99316414E-04   8.27532669E-01   2.45016034E+00   3.98188318E+00
   1.00000000E+00   4.17250000E+00   0.00000000E+00   8.45000000E-01   2.50000000E+00   5.02868000E+00
TIME =   4.80000E+01
   0.00000000E+00   5.00000000E+00   2.50000000E+00   0.00000000E+00   0.00000000E+00   0.00000000E+00
   1.37174223E-02   4.88905525E+00   2.27243706E+00   5.85815987E-02   1.73448459E-01   4.76810424E-02
   2.38609369E-02   4.81139804E+00   2.11278691E+00   1.00052191E-01   2.96235227E-01   8.40728492E-02
   3.49437928E-02   4.73135436E+00   1.94661292E+00   1.43530632E-01   4.24966424E-01   1.24995638E-01
   4.60659105E-02   4.65595301E+00   1.78866523E+00   1.85215917E-01   5.48388150E-01   1.67267308E-01
   5.74471823E-02   4.58393078E+00   1.63620480E+00   2.25835434E-01   6.68653922E-01   2.11769149E-01
   6.91023064E-02   4.51552572E+00   1.48967371E+00   2.65289810E-01   7.85469409E-01   2.58631993E-01
   8.10969139E-02   4.45071439E+00   1.34893609E+00   3.03635355E-01   8.99001156E-01   3.08198124E-01
   9.35001373E-02   4.38953929E+00   1.21397953E+00   3.40900101E-01   1.00933193E+00   3.60842752E-01
   1.06398043E-01   4.33205232E+00   1.08478702E+00   3.77119035E-01   1.11656496E+00   4.17032492E-01
   1.19896556E-01   4.27833058E+00   9.61364654E-01   4.12328199E-01   1.22080645E+00   4.77343967E-01
   1.34128845E-01   4.22848046E+00   8.43741426E-01   4.46566911E-01   1.32217205E+00   5.42503397E-01
   1.49265425E-01   4.18264696E+00   7.31976368E-01   4.79878838E-01   1.42078985E+00   6.13441249E-01
   1.65529417E-01   4.14102611E+00   6.26167283E-01   5.12313925E-01   1.51680589E+00   6.91374488E-01
   1.83220214E-01   4.10388307E+00   5.26463302E-01   5.43931271E-01   1.61039219E+00   7.77933534E-01
   2.02752085E-01   4.07157805E+00   4.33080873E-01   5.74804311E-01   1.70176136E+00   8.75368497E-01
   2.24723031E-01   4.04460274E+00   3.46316188E-01   6.05033222E-01   1.79120205E+00   9.86915002E-01
   2.50060198E-01   4.02363180E+00   2.66518757E-01   6.34784946E-01   1.87919482E+00   1.11756329E+00
   2.80399632E-01   4.00963352E+00   1.93948059E-01   6.64423246E-01   1.96679106E+00   1.27606573E+00
   3.19150182E-01   4.00429988E+00   1.28633439E-01   6.94801253E-01   2.05646035E+00   1.48056983E+00
   3.74138450E-01   4.01136942E+00   7.12501411E-02   7.27496653E-01   2.15274342E+00   1.77254193E+00
   4.56735610E-01   4.03616859E+00   2.82998817E-02   7.61910197E-01   2.25386695E+00   2.21113978E+00
   5.57885561E-01   4.07191932E+00   8.64152247E-03   7.89956045E-01   2.33665012E+00   2.74490617E+00
   6.70746824E-01   4.10758380E+00   2.22776913E-03   8.11176668E-01   2.39957714E+00   3.33475822E+00
   7.99785280E-01   4.13924630E+00   4.46382666E-04   8.28021927E-01   2.44961527E+00   4.00254933E+00
   1.00000000E+00   4.17250000E+00   0.00000000E+00   8.45000000E-01   2.50000000E+00   5.02868000E+00
TIME =   9.60000E+01
   0.00000000E+00   5.00000000E+00   2.50000000E+00   0.00000000E+00   0.00000000E+00   0.00000000E+00
   1.37176451E-02   4.88905273E+00   2.27243399E+00   5.85815706E-02   1.73449575E-01   4.76817371E-02
   2.38613303E-02   4.81139375E+00   2.11278170E+00   1.00052140E-01   2.96237122E-01   8.40741193E-02
   3.49443770E-02   4.73134825E+00   1.94660552E+00   1.43530544E-01   4.24969094E-01   1.24997594E-01
   4.60666847E-02   4.65594525E+00   1.78865590E+00   1.85215755E-01   5.48391447E-01   1.67269992E-01
   5.74481538E-02   4.58392147E+00   1.63619370E+00   2.25835175E-01   6.68657750E-01   2.11772636E-01
   6.91034835E-02   4.51551499E+00   1.48966104E+00   2.65289429E-01   7.85473663E-01   2.58636366E-01
   8.10983083E-02   4.45070236E+00   1.34892203E+00   3.03634829E-01   8.99005742E-01   3.08203484E-01
   9.35017645E-02   4.38952606E+00   1.21396424E+00   3.40899411E-01   1.00933675E+00   3.60849221E-01
   1.06399924E-01   4.33203804E+00   1.08477068E+00   3.77118163E-01   1.11656994E+00   4.17040222E-01
   1.19898717E-01   4.27831536E+00   9.61347446E-01   4.12327129E-01   1.22081151E+00   4.77353148E-01
   1.34131324E-01   4.22846445E+00   8.43723525E-01   4.46565633E-01   1.32217711E+00   5.42514270E-01
   1.49268271E-01   4.18263030E+00   7.31957953E-01   4.79877344E-01   1.42079486E+00   6.13454132E-01
   1.65532700E-01   4.14100896E+00   6.26148538E-01   5.12312214E-01   1.51681079E+00   6.91389803E-01
   1.83224030E-01   4.10386562E+00   5.26444423E-01   5.43929352E-01   1.61039696E+00   7.77951862E-01
   2.02756577E-01   4.07156052E+00   4.33062068E-01   5.74802204E-01   1.70176602E+00   8.75390666E-01
   2.24728417E-01   4.04458541E+00   3.46297685E-01   6.05030974E-01   1.79120665E+00   9.86942249E-01
   2.50066835E-01   4.02361504E+00   2.66500796E-01   6.34782646E-01   1.87919954E+00   1.11759762E+00
   2.80408200E-01   4.00961787E+00   1.93930847E-01   6.64421095E-01   1.96679635E+00   1.27611086E+00
   3.19162252E-01   4.00428631E+00   1.28617074E-01   6.94799747E-01   2.05646748E+00   1.48063426E+00
   3.74157814E-01   4.01136012E+00   7.12352341E-02   7.27496689E-01   2.15275461E+00   1.77264592E+00
   4.56764391E-01   4.03616543E+00   2.82904913E-02   7.61910839E-01   2.25387879E+00   2.21129410E+00
   5.57914535E-01   4.07191811E+00   8.63862002E-03   7.89954848E-01   2.33665470E+00   2.74506086E+00
   6.70771932E-01   4.10758251E+00   2.22715492E-03   8.11174908E-01   2.39957755E+00   3.33489149E+00
   7.99802704E-01   4.13924510E+00   4.46307684E-04   8.28020627E-01   2.44961433E+00   4.00264129E+00
   1.00000000E+00   4.17250000E+00   0.00000000E+00   8.45000000E-01   2.50000000E+00   5.02868000E+00
