'nseg'    20
'niseg'   20*1
'yseg'    0.            0.
          5.00000E-02   1.52588E-21
          1.00000E-01   1.00000E-16
          0.150000      6.56841E-14
          0.200000      6.55360E-12
          0.250000      2.32831E-10
          0.300000      4.30467E-09
          0.350000      5.07094E-08
          0.400000      4.29497E-07
          0.450000      2.82749E-06
          0.500000      1.52588E-05
          0.550000      7.01137E-05
          0.600000      2.82111E-04
          0.650000      1.01535E-03
          0.700000      3.32329E-03
          0.750000      1.00226E-02
          0.800000      2.81475E-02
          0.850000      7.42511E-02
          0.900000      0.185302
          0.950000      0.440127
          1.00000       1.000000
'bcl'     1
'bcr'     1
'left'    1
'right'   1
'kreg'    2
'segvsc'  1.e-6
'segspr'  0.0
'dxmin'   0.0
'fdinc'   1.e-7
'imsg'    0
'ofreq'   0
'mstep'   2000
'nout'    12
'tout'    0.0 .2 .4 .6 .8 1. 2. 4. 6. 8. 10. 500.
'rtol'    .1
'u-ptol'  1.e-3
'x-ptol'  1.e-3
'h'       1.e-4
'hlb'     1.e-10
'hub'     1.e+10
'margin'  2.
'ntol'    .1
'mitr'    4
'vtol'    .1
'mvec'    3
'speed'   1.0
'visc'    1.e-3
