TIME =   0.00000E+00
   0.00000000E+00   1.00000000E-01   0.00000000E+00   2.50000000E-01
   8.00000000E-02   1.00000000E-01   0.00000000E+00   2.50000000E-01
   1.60000000E-01   1.00000000E-01   0.00000000E+00   2.50000000E-01
   2.40000000E-01   1.00000000E-01   0.00000000E+00   2.50000000E-01
   3.20000000E-01   1.00000000E-01   0.00000000E+00   2.50000000E-01
   4.00000000E-01   1.00000000E-01   0.00000000E+00   2.50000000E-01
   4.80000000E-01   1.00000000E-01   0.00000000E+00   2.50000000E-01
   4.81700000E-01   1.00000000E-01   0.00000000E+00   2.50000000E-01
   4.83400000E-01   1.00000000E-01   0.00000000E+00   2.50000000E-01
   4.85100000E-01   1.00000000E-01   0.00000000E+00   2.50000000E-01
   4.86800000E-01   1.00000000E-01   0.00000000E+00   2.50000000E-01
   4.88500000E-01   1.00000000E-01   0.00000000E+00   2.50000000E-01
   4.90200000E-01   1.00000000E-01   0.00000000E+00   2.50000000E-01
   4.91900000E-01   1.00000000E-01   0.00000000E+00   2.50000000E-01
   4.93600000E-01   1.00000000E-01   0.00000000E+00   2.50000000E-01
   4.95300000E-01   1.00000000E-01   0.00000000E+00   2.50000000E-01
   4.97000000E-01   1.00000000E-01   0.00000000E+00   2.50000000E-01
   4.97200000E-01   9.70833333E-02   0.00000000E+00   2.42500000E-01
   4.97400000E-01   9.41666667E-02   0.00000000E+00   2.35000000E-01
   4.97600000E-01   9.12500000E-02   0.00000000E+00   2.27500000E-01
   4.97800000E-01   8.83333333E-02   0.00000000E+00   2.20000000E-01
   4.98000000E-01   8.54166667E-02   0.00000000E+00   2.12500000E-01
   4.98200000E-01   8.25000000E-02   0.00000000E+00   2.05000000E-01
   4.98400000E-01   7.95833333E-02   0.00000000E+00   1.97500000E-01
   4.98600000E-01   7.66666667E-02   0.00000000E+00   1.90000000E-01
   4.98800000E-01   7.37500000E-02   0.00000000E+00   1.82500000E-01
   4.99000000E-01   7.08333333E-02   0.00000000E+00   1.75000000E-01
   4.99200000E-01   6.79166667E-02   0.00000000E+00   1.67500000E-01
   4.99400000E-01   6.50000000E-02   0.00000000E+00   1.60000000E-01
   4.99600000E-01   6.20833333E-02   0.00000000E+00   1.52500000E-01
   4.99800000E-01   5.91666667E-02   0.00000000E+00   1.45000000E-01
   5.00000000E-01   5.62500000E-02   0.00000000E+00   1.37500000E-01
   5.00120000E-01   5.45000000E-02   0.00000000E+00   1.33000000E-01
   5.00240000E-01   5.27500000E-02   0.00000000E+00   1.28500000E-01
   5.00360000E-01   5.10000000E-02   0.00000000E+00   1.24000000E-01
   5.00480000E-01   4.92500000E-02   0.00000000E+00   1.19500000E-01
   5.00600000E-01   4.75000000E-02   0.00000000E+00   1.15000000E-01
   5.00720000E-01   4.57500000E-02   0.00000000E+00   1.10500000E-01
   5.00840000E-01   4.40000000E-02   0.00000000E+00   1.06000000E-01
   5.00960000E-01   4.22500000E-02   0.00000000E+00   1.01500000E-01
   5.01080000E-01   4.05000000E-02   0.00000000E+00   9.70000000E-02
   5.01200000E-01   3.87500000E-02   0.00000000E+00   9.25000000E-02
   5.01320000E-01   3.70000000E-02   0.00000000E+00   8.80000000E-02
   5.01440000E-01   3.52500000E-02   0.00000000E+00   8.35000000E-02
   5.01560000E-01   3.35000000E-02   0.00000000E+00   7.90000000E-02
   5.01680000E-01   3.17500000E-02   0.00000000E+00   7.45000000E-02
   5.01800000E-01   3.00000000E-02   0.00000000E+00   7.00000000E-02
   5.01920000E-01   2.82500000E-02   0.00000000E+00   6.55000000E-02
   5.02040000E-01   2.65000000E-02   0.00000000E+00   6.10000000E-02
   5.02160000E-01   2.47500000E-02   0.00000000E+00   5.65000000E-02
   5.02280000E-01   2.30000000E-02   0.00000000E+00   5.20000000E-02
   5.02400000E-01   2.12500000E-02   0.00000000E+00   4.75000000E-02
   5.02520000E-01   1.95000000E-02   0.00000000E+00   4.30000000E-02
   5.02640000E-01   1.77500000E-02   0.00000000E+00   3.85000000E-02
   5.02760000E-01   1.60000000E-02   0.00000000E+00   3.40000000E-02
   5.02880000E-01   1.42500000E-02   0.00000000E+00   2.95000000E-02
   5.03000000E-01   1.25000000E-02   0.00000000E+00   2.50000000E-02
   5.04700000E-01   1.25000000E-02   0.00000000E+00   2.50000000E-02
   5.06400000E-01   1.25000000E-02   0.00000000E+00   2.50000000E-02
   5.08100000E-01   1.25000000E-02   0.00000000E+00   2.50000000E-02
   5.09800000E-01   1.25000000E-02   0.00000000E+00   2.50000000E-02
   5.11500000E-01   1.25000000E-02   0.00000000E+00   2.50000000E-02
   5.13200000E-01   1.25000000E-02   0.00000000E+00   2.50000000E-02
   5.14900000E-01   1.25000000E-02   0.00000000E+00   2.50000000E-02
   5.16600000E-01   1.25000000E-02   0.00000000E+00   2.50000000E-02
   5.18300000E-01   1.25000000E-02   0.00000000E+00   2.50000000E-02
   5.20000000E-01   1.25000000E-02   0.00000000E+00   2.50000000E-02
   6.00000000E-01   1.25000000E-02   0.00000000E+00   2.50000000E-02
   6.80000000E-01   1.25000000E-02   0.00000000E+00   2.50000000E-02
   7.60000000E-01   1.25000000E-02   0.00000000E+00   2.50000000E-02
   8.40000000E-01   1.25000000E-02   0.00000000E+00   2.50000000E-02
   9.20000000E-01   1.25000000E-02   0.00000000E+00   2.50000000E-02
   1.00000000E+00   1.25000000E-02   0.00000000E+00   2.50000000E-02
TIME =   1.00000E-04
   0.00000000E+00   1.00000000E-01   0.00000000E+00   2.50000000E-01
   7.99973393E-02   1.00000000E-01  -8.47030134E-15   2.50000000E-01
   1.59994679E-01   1.00000000E-01   3.38385773E-14   2.50000000E-01
   2.39992018E-01   1.00000000E-01  -1.26710960E-13   2.50000000E-01
   3.19989357E-01   1.00000000E-01   4.72355944E-13   2.50000000E-01
   3.99986696E-01   1.00000000E-01  -1.76027740E-12   2.50000000E-01
   4.79984036E-01   1.00000000E-01   6.55959530E-12   2.50000000E-01
   4.81683979E-01   9.99999998E-02  -5.23032740E-10   2.49999999E-01
   4.83383922E-01   1.00000001E-01   2.02487840E-09   2.50000004E-01
   4.85083866E-01   9.99999979E-02  -7.46760335E-09   2.49999986E-01
   4.86783809E-01   1.00000005E-01   2.77162811E-08   2.50000041E-01
   4.88483752E-01   9.99999932E-02  -1.03959863E-07   2.49999887E-01
   4.90183690E-01   9.99999798E-02   3.94321578E-07   2.50000272E-01
   4.91883586E-01   1.00000253E-01  -1.51258855E-06   2.49999574E-01
   4.93583047E-01   9.99983611E-02   5.86502285E-06   2.49999284E-01
   4.95276199E-01   1.00008826E-01  -2.29130183E-05   2.50011716E-01
   4.96840456E-01   9.99584162E-02   8.48517689E-05   2.49924003E-01
   4.97176922E-01   9.73589020E-02   1.29919790E-03   2.43043112E-01
   4.97383545E-01   9.44217612E-02   1.50623597E-03   2.35642051E-01
   4.97584195E-01   9.14804148E-02   1.50219290E-03   2.28096840E-01
   4.97785471E-01   8.85449385E-02   1.49946515E-03   2.20545430E-01
   4.97986846E-01   8.56085801E-02   1.49991052E-03   2.12994946E-01
   4.98188190E-01   8.26722098E-02   1.49985612E-03   2.05444439E-01
   4.98389542E-01   7.97358561E-02   1.49984674E-03   1.97893923E-01
   4.98590892E-01   7.67994941E-02   1.49983535E-03   1.90343414E-01
   4.98792243E-01   7.38631284E-02   1.49982117E-03   1.82792910E-01
   4.98993594E-01   7.09267575E-02   1.49980567E-03   1.75242412E-01
   4.99194945E-01   6.79903804E-02   1.49978790E-03   1.67691921E-01
   4.99396298E-01   6.50539961E-02   1.49976762E-03   1.60141437E-01
   4.99597650E-01   6.21176030E-02   1.49974428E-03   1.52590963E-01
   4.99799004E-01   5.91811996E-02   1.49971719E-03   1.45040500E-01
   5.00000358E-01   5.62447829E-02   1.49968563E-03   1.37490052E-01
   5.00121171E-01   5.44829254E-02   1.49966376E-03   1.32959791E-01
   5.00241985E-01   5.27210619E-02   1.49963991E-03   1.28429537E-01
   5.00362799E-01   5.09591910E-02   1.49961341E-03   1.23899290E-01
   5.00483613E-01   4.91973119E-02   1.49958387E-03   1.19369053E-01
   5.00604429E-01   4.74354231E-02   1.49955081E-03   1.14838826E-01
   5.00725245E-01   4.56735231E-02   1.49951365E-03   1.10308610E-01
   5.00846062E-01   4.39116102E-02   1.49947169E-03   1.05778409E-01
   5.00966880E-01   4.21496820E-02   1.49942406E-03   1.01248225E-01
   5.01087699E-01   4.03877359E-02   1.49936970E-03   9.67180591E-02
   5.01208520E-01   3.86257684E-02   1.49930728E-03   9.21879165E-02
   5.01329342E-01   3.68637754E-02   1.49923511E-03   8.76578013E-02
   5.01450167E-01   3.51017517E-02   1.49915108E-03   8.31277192E-02
   5.01570994E-01   3.33396904E-02   1.49905241E-03   7.85976774E-02
   5.01691824E-01   3.15775829E-02   1.49893552E-03   7.40676851E-02
   5.01812659E-01   2.98154180E-02   1.49879558E-03   6.95377546E-02
   5.01933498E-01   2.80531804E-02   1.49862589E-03   6.50079020E-02
   5.02054344E-01   2.62908497E-02   1.49841561E-03   6.04781496E-02
   5.02175199E-01   2.45283960E-02   1.49814257E-03   5.59485297E-02
   5.02296067E-01   2.27657690E-02   1.49771316E-03   5.14190972E-02
   5.02416979E-01   2.10028679E-02   1.49667559E-03   4.68899896E-02
   5.02538023E-01   1.92394015E-02   1.49291277E-03   4.23616601E-02
   5.02659611E-01   1.74750400E-02   1.47327495E-03   3.78366968E-02
   5.02785426E-01   1.57157476E-02   1.37836484E-03   3.33340754E-02
   5.02934355E-01   1.39884070E-02   9.88826317E-04   2.88987058E-02
   5.03194022E-01   1.25358724E-02   5.64871521E-05   2.50611524E-02
   5.04797722E-01   1.24913966E-02  -1.60088176E-05   2.49872943E-02
   5.06492093E-01   1.25019202E-02   4.35515605E-06   2.50022164E-02
   5.08191462E-01   1.24995934E-02  -1.19069515E-06   2.49997365E-02
   5.09891123E-01   1.25000789E-02   3.27869163E-07   2.49999790E-02
   5.11590805E-01   1.24999872E-02  -9.09098028E-08   2.50000311E-02
   5.13290489E-01   1.25000011E-02   2.53710257E-08   2.49999846E-02
   5.14990173E-01   1.25000004E-02  -7.12116633E-09   2.50000061E-02
   5.16689857E-01   1.24999997E-02   2.00211455E-09   2.49999978E-02
   5.18389541E-01   1.25000001E-02  -5.33836546E-10   2.50000007E-02
   5.20089225E-01   1.25000000E-02   6.88180071E-12   2.50000000E-02
   6.00074354E-01   1.25000000E-02  -1.84753557E-12   2.50000000E-02
   6.80059483E-01   1.25000000E-02   4.95880496E-13   2.50000000E-02
   7.60044612E-01   1.25000000E-02  -1.33022735E-13   2.50000000E-02
   8.40029742E-01   1.25000000E-02   3.55171811E-14   2.50000000E-02
   9.20014871E-01   1.25000000E-02  -8.88771591E-15   2.50000000E-02
   1.00000000E+00   1.25000000E-02   0.00000000E+00   2.50000000E-02
TIME =   1.00000E-03
   0.00000000E+00   1.00000000E-01   0.00000000E+00   2.50000000E-01
   7.99884436E-02   1.00000000E-01  -1.09495968E-12   2.50000000E-01
   1.59976887E-01   1.00000000E-01   4.32900505E-12   2.50000000E-01
   2.39965331E-01   1.00000000E-01  -1.60232668E-11   2.50000000E-01
   3.19953774E-01   1.00000000E-01   5.90457068E-11   2.50000000E-01
   3.99942218E-01   9.99999998E-02  -2.17564589E-10   2.49999999E-01
   4.79930662E-01   1.00000001E-01   8.01846440E-10   2.50000002E-01
   4.81630415E-01   9.99999640E-02  -4.31218429E-08   2.49999874E-01
   4.83330164E-01   1.00000092E-01   1.12369523E-07   2.50000324E-01
   4.85029878E-01   9.99997770E-02  -2.78994786E-07   2.49999207E-01
   4.86729374E-01   1.00000523E-01   6.72259653E-07   2.50001905E-01
   4.88427572E-01   9.99988081E-02  -1.53531886E-06   2.49995440E-01
   4.90118277E-01   1.00002618E-01   3.16648200E-06   2.50011105E-01
   4.91768230E-01   9.99950018E-02  -5.52250670E-06   2.49973449E-01
   4.93242177E-01   1.00002110E-01   9.79152520E-06   2.50043255E-01
   4.94572196E-01   1.00045984E-01  -4.37368477E-05   2.50064140E-01
   4.95534066E-01   9.97240741E-02   2.70707203E-04   2.49188280E-01
   4.96363850E-01   9.71650791E-02   3.28708085E-03   2.40427201E-01
   4.97308152E-01   9.07090218E-02   9.11601085E-03   2.22311275E-01
   4.97765651E-01   8.63743502E-02   1.17182919E-02   2.12578183E-01
   4.98073430E-01   8.30428415E-02   1.31442030E-02   2.05150360E-01
   4.98313884E-01   8.01710448E-02   1.39523825E-02   1.98443283E-01
   4.98521855E-01   7.74868222E-02   1.43959760E-02   1.91930488E-01
   4.98713235E-01   7.48783398E-02   1.46254482E-02   1.85438121E-01
   4.98896385E-01   7.22978927E-02   1.47335009E-02   1.78918598E-01
   4.99075423E-01   6.97290300E-02   1.47754104E-02   1.72376392E-01
   4.99252468E-01   6.71658089E-02   1.47834813E-02   1.65823878E-01
   4.99428670E-01   6.46049772E-02   1.47753905E-02   1.59267871E-01
   4.99604600E-01   6.20446744E-02   1.47595334E-02   1.52711169E-01
   4.99780509E-01   5.94839564E-02   1.47391985E-02   1.46154874E-01
   4.99956504E-01   5.69223434E-02   1.47152800E-02   1.39599471E-01
   5.00132637E-01   5.43595362E-02   1.46876095E-02   1.33045261E-01
   5.00238416E-01   5.28211061E-02   1.46688995E-02   1.29113362E-01
   5.00344270E-01   5.12820409E-02   1.46485521E-02   1.25181888E-01
   5.00450215E-01   4.97422524E-02   1.46262712E-02   1.21250919E-01
   5.00556271E-01   4.82016487E-02   1.46017621E-02   1.17320533E-01
   5.00662458E-01   4.66601250E-02   1.45746655E-02   1.13390830E-01
   5.00768806E-01   4.51175603E-02   1.45445141E-02   1.09461941E-01
   5.00875357E-01   4.35738134E-02   1.45106768E-02   1.05534053E-01
   5.00982175E-01   4.20287203E-02   1.44722746E-02   1.01607436E-01
   5.01089355E-01   4.04820921E-02   1.44280569E-02   9.76824882E-02
   5.01197041E-01   3.89337126E-02   1.43762275E-02   9.37597848E-02
   5.01305451E-01   3.73833334E-02   1.43142068E-02   8.98401326E-02
   5.01414913E-01   3.58306531E-02   1.42383199E-02   8.59245795E-02
   5.01525917E-01   3.42752530E-02   1.41433828E-02   8.20143080E-02
   5.01639189E-01   3.27164440E-02   1.40221300E-02   7.81102975E-02
   5.01755811E-01   3.11529877E-02   1.38643607E-02   7.42126870E-02
   5.01877401E-01   2.95827310E-02   1.36555526E-02   7.03199941E-02
   5.02006407E-01   2.80022264E-02   1.33744538E-02   6.64284920E-02
   5.02146626E-01   2.64060104E-02   1.29885788E-02   6.25311666E-02
   5.02304276E-01   2.47840356E-02   1.24451192E-02   5.86128856E-02
   5.02490376E-01   2.31131567E-02   1.16517371E-02   5.46313273E-02
   5.02726824E-01   2.13272828E-02   1.04311666E-02   5.04269133E-02
   5.03063564E-01   1.92576967E-02   8.44713931E-03   4.54065519E-02
   5.03509040E-01   1.67518704E-02   5.32053337E-03   3.82406569E-02
   5.04162303E-01   1.36012416E-02   1.19305503E-03   2.81192503E-02
   5.04571828E-01   1.27170634E-02   2.12462424E-04   2.55487961E-02
   5.05389144E-01   1.24674890E-02  -3.40637938E-05   2.49530248E-02
   5.07037489E-01   1.25008689E-02   7.86793339E-06   2.49845517E-02
   5.08664886E-01   1.25024111E-02  -3.69888198E-06   2.50131812E-02
   5.10341757E-01   1.24983027E-02   2.10080413E-06   2.49930917E-02
   5.12035017E-01   1.25009211E-02  -1.11551162E-06   2.50032833E-02
   5.13732148E-01   1.24995427E-02   5.46594523E-07   2.49984923E-02
   5.15430095E-01   1.25002153E-02  -2.52426112E-07   2.50006754E-02
   5.17128202E-01   1.24999027E-02   1.11746889E-07   2.49997046E-02
   5.18826339E-01   1.25000415E-02  -4.67187410E-08   2.50001231E-02
   5.20524480E-01   1.24999992E-02   9.29516710E-10   2.49999975E-02
   6.00437067E-01   1.25000002E-02  -2.52516907E-10   2.50000007E-02
   6.80349654E-01   1.24999999E-02   6.85487496E-11   2.49999998E-02
   7.60262240E-01   1.25000000E-02  -1.85887547E-11   2.50000000E-02
   8.40174827E-01   1.25000000E-02   5.01400121E-12   2.50000000E-02
   9.20087413E-01   1.25000000E-02  -1.26556183E-12   2.50000000E-02
   1.00000000E+00   1.25000000E-02   0.00000000E+00   2.50000000E-02
TIME =   1.00000E-02
   0.00000000E+00   9.99999998E-02   0.00000000E+00   2.49999999E-01
   7.93617368E-02   1.00000000E-01   4.06954617E-10   2.50000001E-01
   1.58723474E-01   9.99999985E-02  -1.65808127E-09   2.49999995E-01
   2.38085210E-01   1.00000006E-01   6.28255491E-09   2.50000018E-01
   3.17446942E-01   9.99999791E-02  -2.34085909E-08   2.49999931E-01
   3.96808614E-01   1.00000077E-01   8.60542258E-08   2.50000253E-01
   4.76169481E-01   9.99997229E-02  -3.12089561E-07   2.49999085E-01
   4.77810859E-01   1.00003118E-01   3.57419831E-06   2.50009681E-01
   4.79318577E-01   9.99987484E-02  -9.67895748E-07   2.49996929E-01
   4.80625290E-01   1.00005024E-01   1.19051068E-06   2.50015801E-01
   4.81666739E-01   9.99976078E-02   1.11826262E-06   2.49993082E-01
   4.82525594E-01   9.99506400E-02   6.57260451E-05   2.49825816E-01
   4.82741442E-01   9.99047260E-02   9.90794284E-05   2.49673473E-01
   4.83799146E-01   9.95832858E-02   5.10534153E-04   2.48539774E-01
   4.84083167E-01   9.93421806E-02   7.23222979E-04   2.47740538E-01
   4.85485234E-01   9.76032330E-02   2.88614036E-03   2.41654002E-01
   4.86395334E-01   9.51617048E-02   5.30411886E-03   2.33683180E-01
   4.89149909E-01   8.74228511E-02   1.40904591E-02   2.07740631E-01
   4.92696252E-01   7.36829228E-02   2.56536300E-02   1.68057786E-01
   4.94789794E-01   6.60519771E-02   3.09439816E-02   1.47520624E-01
   4.95788116E-01   6.23173534E-02   3.31294936E-02   1.38069771E-01
   4.96477151E-01   5.97392201E-02   3.44411245E-02   1.31833623E-01
   4.97025435E-01   5.77086543E-02   3.53584972E-02   1.27077961E-01
   4.97492266E-01   5.60059907E-02   3.60520550E-02   1.23182915E-01
   4.97907423E-01   5.45223008E-02   3.66011836E-02   1.19851198E-01
   4.98286952E-01   5.31979129E-02   3.70471005E-02   1.16924799E-01
   4.98640867E-01   5.19953780E-02   3.74142002E-02   1.14307548E-01
   4.98975935E-01   5.08900160E-02   3.77179387E-02   1.11937126E-01
   4.99296962E-01   4.98654654E-02   3.79688281E-02   1.09772491E-01
   4.99606731E-01   4.89131135E-02   3.81735467E-02   1.07790547E-01
   4.99908836E-01   4.80234501E-02   3.83385570E-02   1.05967913E-01
   5.00201282E-01   4.72023496E-02   3.84648076E-02   1.04314166E-01
   5.00410653E-01   4.66429915E-02   3.85367565E-02   1.03203775E-01
   5.00630058E-01   4.60834404E-02   3.85955310E-02   1.02108593E-01
   5.00863725E-01   4.55194326E-02   3.86398182E-02   1.01022629E-01
   5.01116848E-01   4.49480231E-02   3.86675322E-02   9.99447758E-02
   5.01394276E-01   4.43711354E-02   3.86740574E-02   9.88832709E-02
   5.01713813E-01   4.37723171E-02   3.86535343E-02   9.78235851E-02
   5.02067035E-01   4.31925249E-02   3.85959994E-02   9.68445402E-02
   5.02567278E-01   4.25008768E-02   3.84636989E-02   9.57913832E-02
   5.03216932E-01   4.17714822E-02   3.81871785E-02   9.48754214E-02
   5.04587053E-01   4.05621619E-02   3.74219784E-02   9.39275583E-02
   5.07046608E-01   3.76841089E-02   3.49363085E-02   9.26821448E-02
   5.08466341E-01   3.52545165E-02   3.27233357E-02   9.19203801E-02
   5.10807800E-01   2.98540671E-02   2.78646127E-02   8.97430222E-02
   5.11611379E-01   2.85598361E-02   2.67117675E-02   8.95112521E-02
   5.13861453E-01   2.73683894E-02   2.57511188E-02   8.93748087E-02
   5.15474717E-01   2.72367113E-02   2.54300227E-02   8.84857024E-02
   5.16362298E-01   2.64494490E-02   2.40844138E-02   8.55825250E-02
   5.16630615E-01   2.61011448E-02   2.32793869E-02   8.33689903E-02
   5.16826965E-01   2.55220378E-02   2.20790453E-02   8.04551457E-02
   5.16980742E-01   2.47977010E-02   2.05830843E-02   7.66610675E-02
   5.17113115E-01   2.38576479E-02   1.86476252E-02   7.18008315E-02
   5.17244940E-01   2.25170140E-02   1.59690779E-02   6.50686400E-02
   5.17648061E-01   1.66420901E-02   5.25090196E-03   3.83157250E-02
   5.17739511E-01   1.52618774E-02   3.42209368E-03   3.37096188E-02
   5.17831775E-01   1.42769522E-02   2.10961909E-03   3.04255476E-02
   5.17922911E-01   1.36059050E-02   1.26361953E-03   2.82754247E-02
   5.18019535E-01   1.31482992E-02   7.17329255E-04   2.68706437E-02
   5.18129007E-01   1.28457298E-02   3.72677652E-04   2.59760522E-02
   5.18268122E-01   1.26512849E-02   1.59645651E-04   2.54206382E-02
   5.18545135E-01   1.25104955E-02   1.12229183E-05   2.50360195E-02
   5.19986962E-01   1.24940032E-02  -4.67486160E-06   2.49809067E-02
   5.21563089E-01   1.25016061E-02   1.62428406E-06   2.50050659E-02
   5.23188404E-01   1.24995760E-02  -4.07074936E-07   2.49988625E-02
   5.24842280E-01   1.24997011E-02   4.22173738E-07   2.49992972E-02
   5.26513577E-01   1.24999146E-02   9.68286248E-08   2.49997404E-02
   6.05427814E-01   1.25000358E-02  -3.98215000E-08   2.50001063E-02
   6.84342232E-01   1.24999865E-02   1.48823223E-08   2.49999604E-02
   7.63256672E-01   1.25000048E-02  -5.22157033E-09   2.50000139E-02
   8.42171114E-01   1.24999984E-02   1.73703874E-09   2.49999953E-02
   9.21085557E-01   1.25000006E-02  -5.12892970E-10   2.50000017E-02
   1.00000000E+00   1.24999997E-02   0.00000000E+00   2.49999991E-02
TIME =   1.00000E-01
   0.00000000E+00   1.00000175E-01   0.00000000E+00   2.50000407E-01
   6.25017257E-02   9.99996926E-02  -1.97363049E-07   2.49999322E-01
   1.24999689E-01   1.00000824E-01   6.02147694E-07   2.50001648E-01
   1.87471130E-01   9.99979362E-02  -1.77807198E-06   2.49996533E-01
   2.49817594E-01   1.00004122E-01   5.86429433E-06   2.50003922E-01
   3.11919728E-01   9.99959089E-02  -2.05763472E-05   2.50012194E-01
   3.72937902E-01   9.99856010E-02   7.03860534E-05   2.49890546E-01
   3.76219361E-01   9.90533418E-02   1.07123785E-03   2.46774370E-01
   3.81071830E-01   9.75473231E-02   2.89624381E-03   2.41416851E-01
   3.89120876E-01   9.33140332E-02   7.56463995E-03   2.27256555E-01
   4.00608675E-01   8.69189683E-02   1.42988179E-02   2.06455839E-01
   4.05178461E-01   8.40896857E-02   1.68841289E-02   1.97929866E-01
   4.11293333E-01   8.07469421E-02   1.99768946E-02   1.87909091E-01
   4.15689704E-01   7.82557439E-02   2.21112857E-02   1.80512660E-01
   4.20489854E-01   7.57646818E-02   2.42492132E-02   1.73301323E-01
   4.26290664E-01   7.25880164E-02   2.65912264E-02   1.64567153E-01
   4.30806329E-01   7.03325621E-02   2.82772406E-02   1.58460790E-01
   4.36261694E-01   6.75307493E-02   3.01263984E-02   1.51077390E-01
   4.41184869E-01   6.51913189E-02   3.16536643E-02   1.45018303E-01
   4.46489176E-01   6.26150312E-02   3.30994579E-02   1.38597353E-01
   4.51305544E-01   6.04198670E-02   3.42683718E-02   1.33241748E-01
   4.55483580E-01   5.84806522E-02   3.51676571E-02   1.28646654E-01
   4.60512883E-01   5.63142921E-02   3.61402458E-02   1.23554572E-01
   4.65155608E-01   5.43195043E-02   3.69092283E-02   1.18971776E-01
   4.69990271E-01   5.23608760E-02   3.76034165E-02   1.14573845E-01
   4.74206956E-01   5.06395872E-02   3.80844040E-02   1.10820887E-01
   4.78310088E-01   4.90892473E-02   3.84977312E-02   1.07498271E-01
   4.82616905E-01   4.74837119E-02   3.88330096E-02   1.04095509E-01
   4.85778289E-01   4.64291506E-02   3.90497197E-02   1.01899233E-01
   4.89494637E-01   4.52242460E-02   3.92304091E-02   9.93979571E-02
   4.91529534E-01   4.46815905E-02   3.93186646E-02   9.83014514E-02
   4.94678870E-01   4.38625722E-02   3.93997617E-02   9.66268547E-02
   4.96283508E-01   4.35741396E-02   3.94370697E-02   9.60713028E-02
   4.99440303E-01   4.30297735E-02   3.94701923E-02   9.49583507E-02
   5.01032944E-01   4.29022159E-02   3.94886573E-02   9.47371686E-02
   5.04379380E-01   4.26554982E-02   3.94907531E-02   9.42127009E-02
   5.08489255E-01   4.26518853E-02   3.95061789E-02   9.42416031E-02
   5.14382597E-01   4.26176154E-02   3.94973202E-02   9.41004690E-02
   5.19585301E-01   4.25915587E-02   3.94823964E-02   9.41914555E-02
   5.49459362E-01   4.25938461E-02   3.95212569E-02   9.40246144E-02
   5.80857444E-01   4.23498824E-02   3.92449627E-02   9.41245018E-02
   5.84763175E-01   4.09004163E-02   3.79324744E-02   9.32976502E-02
   5.88876058E-01   3.77451421E-02   3.49728161E-02   9.22010327E-02
   5.97596035E-01   2.84953360E-02   2.64282010E-02   8.79376051E-02
   5.98718408E-01   2.79279671E-02   2.58923979E-02   8.79203842E-02
   6.06208609E-01   2.64812713E-02   2.45428064E-02   8.70671372E-02
   6.55295649E-01   2.66471340E-02   2.47396031E-02   8.74439257E-02
   6.74053967E-01   2.64740956E-02   2.44615345E-02   8.67705205E-02
   6.74276661E-01   2.64044808E-02   2.42719498E-02   8.62961267E-02
   6.74480426E-01   2.61905113E-02   2.38158045E-02   8.50879790E-02
   6.74623215E-01   2.58862893E-02   2.31415739E-02   8.33893895E-02
   6.74753183E-01   2.53917774E-02   2.20833470E-02   8.06831389E-02
   6.74870393E-01   2.46779359E-02   2.05670358E-02   7.68324361E-02
   6.74987491E-01   2.36046191E-02   1.83382912E-02   7.11821996E-02
   6.75131796E-01   2.16863137E-02   1.44990969E-02   6.14929006E-02
   6.75308156E-01   1.86383916E-02   8.85112381E-03   4.73289895E-02
   6.75397878E-01   1.70134739E-02   6.16485683E-03   4.06100683E-02
   6.75466878E-01   1.58976364E-02   4.43517906E-03   3.62855385E-02
   6.75527958E-01   1.50549130E-02   3.20605660E-03   3.32005070E-02
   6.75586076E-01   1.43968672E-02   2.29856917E-03   3.09106261E-02
   6.75644053E-01   1.38785213E-02   1.61966455E-03   2.91865223E-02
   6.75704076E-01   1.34723480E-02   1.11206673E-03   2.78883074E-02
   6.75768356E-01   1.31590266E-02   7.36553621E-04   2.69209394E-02
   6.75839738E-01   1.29233247E-02   4.64142144E-04   2.62144151E-02
   6.75922975E-01   1.27518577E-02   2.71955590E-04   2.57132983E-02
   6.76029237E-01   1.26316143E-02   1.40616602E-04   2.53702271E-02
   6.76203229E-01   1.25496409E-02   5.30446363E-05   2.51420623E-02
   7.07332671E-01   1.24785970E-02  -2.36273763E-05   2.49350667E-02
   7.64398951E-01   1.25040132E-02   4.43360798E-06   2.50148536E-02
   8.23202753E-01   1.24997903E-02   1.81981459E-07   2.49974243E-02
   8.82120275E-01   1.24999870E-02  -5.72496863E-07   2.50008507E-02
   9.41057551E-01   1.24998418E-02   2.76371296E-07   2.49992131E-02
   1.00000000E+00   1.25002129E-02   0.00000000E+00   2.50007868E-02
TIME =   2.00000E-01
   0.00000000E+00   1.00005837E-01   0.00000000E+00   2.50020267E-01
   7.61868771E-02   9.99941769E-02   1.54642036E-06   2.49979813E-01
   1.48609425E-01   1.00002035E-01  -6.84599375E-06   2.50007641E-01
   2.09895091E-01   1.00036308E-01   3.35762608E-06   2.50118966E-01
   2.27935322E-01   9.98448550E-02   1.51579693E-05   2.49690621E-01
   2.38360796E-01   9.99978755E-02   1.12046921E-04   2.49483441E-01
   2.54114701E-01   9.99480097E-02   1.18035413E-05   2.49958649E-01
   2.77274664E-01   9.45253057E-02   6.31122322E-03   2.31242038E-01
   2.96852609E-01   8.84170365E-02   1.28386351E-02   2.11234237E-01
   3.15485260E-01   8.27786075E-02   1.81499274E-02   1.93886323E-01
   3.28766514E-01   7.90726494E-02   2.15039045E-02   1.82807090E-01
   3.42702959E-01   7.51096227E-02   2.46946504E-02   1.71446832E-01
   3.53959171E-01   7.21558976E-02   2.69936885E-02   1.63290801E-01
   3.66813140E-01   6.87212974E-02   2.93469140E-02   1.54150213E-01
   3.76045202E-01   6.64793648E-02   3.08739368E-02   1.48283495E-01
   3.88269956E-01   6.33907825E-02   3.26380881E-02   1.40536127E-01
   4.00363230E-01   6.05946865E-02   3.41968485E-02   1.33653849E-01
   4.11831534E-01   5.79480391E-02   3.54403465E-02   1.27323221E-01
   4.20513311E-01   5.60738046E-02   3.62745904E-02   1.22964561E-01
   4.31024823E-01   5.37619384E-02   3.71185597E-02   1.17712852E-01
   4.43097819E-01   5.13071610E-02   3.79407623E-02   1.12241035E-01
   4.53448924E-01   4.92064013E-02   3.84579720E-02   1.07722136E-01
   4.62466093E-01   4.75431057E-02   3.88512467E-02   1.04192880E-01
   4.71097041E-01   4.59521936E-02   3.91216669E-02   1.00885299E-01
   4.77362233E-01   4.49676727E-02   3.92831388E-02   9.88544452E-02
   4.84551656E-01   4.38763475E-02   3.94059076E-02   9.66269709E-02
   4.88387741E-01   4.34744454E-02   3.94522168E-02   9.58174807E-02
   4.94105997E-01   4.29239139E-02   3.94917724E-02   9.47136751E-02
   4.97869433E-01   4.27927852E-02   3.95047204E-02   9.44631781E-02
   5.04686916E-01   4.26266016E-02   3.95140539E-02   9.41360230E-02
   5.25535340E-01   4.26327214E-02   3.95453353E-02   9.41685197E-02
   5.38193365E-01   4.26022065E-02   3.95052548E-02   9.40987472E-02
   5.53671963E-01   4.26133507E-02   3.95269048E-02   9.41266912E-02
   5.67963315E-01   4.26041309E-02   3.95009592E-02   9.40849715E-02
   6.05368257E-01   4.26265879E-02   3.95036828E-02   9.41913323E-02
   6.29491046E-01   4.25904810E-02   3.94797356E-02   9.40755811E-02
   6.53906050E-01   4.26161773E-02   3.95421730E-02   9.42040935E-02
   6.62916248E-01   4.23396286E-02   3.92558223E-02   9.39245346E-02
   6.73571649E-01   4.17300332E-02   3.87001748E-02   9.37749844E-02
   6.75464626E-01   4.09235012E-02   3.79283581E-02   9.33078306E-02
   6.79435615E-01   3.88133264E-02   3.60043994E-02   9.25530374E-02
   6.89966999E-01   3.00186785E-02   2.78242791E-02   8.86427935E-02
   6.94678372E-01   2.81130804E-02   2.60829625E-02   8.79661471E-02
   6.98504306E-01   2.67468087E-02   2.47815363E-02   8.72069384E-02
   7.22445192E-01   2.65153380E-02   2.46042568E-02   8.72612129E-02
   7.63199814E-01   2.65211405E-02   2.45722752E-02   8.70745967E-02
   8.48923701E-01   2.66327065E-02   2.47385899E-02   8.74069867E-02
   8.49308009E-01   2.65005908E-02   2.45104891E-02   8.69225729E-02
   8.49487647E-01   2.63954103E-02   2.42706205E-02   8.62749200E-02
   8.49622795E-01   2.62285129E-02   2.39004222E-02   8.53317374E-02
   8.49739580E-01   2.59787487E-02   2.33571981E-02   8.39414654E-02
   8.49842353E-01   2.56331550E-02   2.26099423E-02   8.20365226E-02
   8.49937034E-01   2.51622842E-02   2.16022994E-02   7.94712969E-02
   8.50027602E-01   2.45265476E-02   2.02591244E-02   7.60584222E-02
   8.50118867E-01   2.36542556E-02   1.84489598E-02   7.14697339E-02
   8.50220076E-01   2.23735778E-02   1.58626236E-02   6.49343572E-02
   8.50506017E-01   1.75421181E-02   6.86323646E-03   4.23592703E-02
   8.50572219E-01   1.63424298E-02   5.06641988E-03   3.78478048E-02
   8.50632114E-01   1.54275152E-02   3.72392989E-03   3.44953295E-02
   8.50687790E-01   1.47196806E-02   2.73047353E-03   3.20007258E-02
   8.50742089E-01   1.41602404E-02   1.98097481E-03   3.01062107E-02
   8.50797066E-01   1.37158082E-02   1.41153532E-03   2.86567798E-02
   8.50854521E-01   1.33650379E-02   9.80284378E-04   2.75512863E-02
   8.50916414E-01   1.30925196E-02   6.57451759E-04   2.67179970E-02
   8.50985397E-01   1.28858272E-02   4.20406677E-04   2.61023220E-02
   8.51066050E-01   1.27338398E-02   2.50839200E-04   2.56598241E-02
   8.51169328E-01   1.26256638E-02   1.32944040E-04   2.53517472E-02
   8.51338816E-01   1.25505758E-02   5.27316895E-05   2.51424495E-02
   8.68568704E-01   1.24784266E-02  -2.54046657E-05   2.49317367E-02
   9.00214181E-01   1.25050755E-02   5.97032323E-06   2.50181308E-02
   9.33289527E-01   1.24996107E-02   2.25187936E-06   2.50003534E-02
   9.66613437E-01   1.25009279E-02  -2.34377857E-06   2.49999958E-02
   1.00000000E+00   1.24983794E-02   0.00000000E+00   2.49975960E-02
TIME =   2.80000E-01
   0.00000000E+00   1.00021661E-01   0.00000000E+00   2.50065396E-01
   8.29605931E-02   9.99785451E-02  -2.68197791E-05   2.49947001E-01
   1.27479041E-01   1.00030229E-01   3.47822932E-05   2.50020562E-01
   1.33938234E-01   9.98995253E-02   1.79947485E-04   2.49578392E-01
   1.44769771E-01   1.00120770E-01  -1.75089832E-04   2.50673427E-01
   1.56563684E-01   9.94331641E-02   5.35607907E-04   2.48200729E-01
   1.67350082E-01   9.90259874E-02   1.35402969E-03   2.46397207E-01
   1.81539339E-01   9.58808093E-02   4.71271682E-03   2.35776979E-01
   2.13473035E-01   8.90608727E-02   1.21794170E-02   2.13157549E-01
   2.48344750E-01   8.13663143E-02   1.94594891E-02   1.89602212E-01
   2.70437240E-01   7.70332787E-02   2.32524070E-02   1.76958774E-01
   2.93607674E-01   7.23608340E-02   2.68094126E-02   1.63980195E-01
   3.11517574E-01   6.91012785E-02   2.91492279E-02   1.55128651E-01
   3.31000992E-01   6.54932244E-02   3.14029136E-02   1.45768644E-01
   3.48788502E-01   6.24665373E-02   3.31875655E-02   1.38172499E-01
   3.66640033E-01   5.94429375E-02   3.47333355E-02   1.30823837E-01
   3.81209167E-01   5.71576528E-02   3.58445693E-02   1.25415530E-01
   4.00770435E-01   5.40569859E-02   3.70421269E-02   1.18348146E-01
   4.20016855E-01   5.12424773E-02   3.79888492E-02   1.12101815E-01
   4.34515476E-01   4.91165012E-02   3.84973574E-02   1.07536776E-01
   4.46549186E-01   4.75188954E-02   3.88742245E-02   1.04141165E-01
   4.62342717E-01   4.54271003E-02   3.91941216E-02   9.97899839E-02
   4.70397789E-01   4.45599455E-02   3.93363565E-02   9.80024052E-02
   4.80573922E-01   4.34605994E-02   3.94351402E-02   9.57747616E-02
   4.85261591E-01   4.31877962E-02   3.94732018E-02   9.52376255E-02
   4.93355464E-01   4.27212343E-02   3.94980877E-02   9.42998333E-02
   5.00768892E-01   4.26826403E-02   3.95189009E-02   9.42338162E-02
   5.12981627E-01   4.25987434E-02   3.95157864E-02   9.40645097E-02
   5.34809500E-01   4.26220460E-02   3.95233094E-02   9.41395582E-02
   5.49591876E-01   4.26146002E-02   3.95335082E-02   9.41149384E-02
   6.00270590E-01   4.26522942E-02   3.95286245E-02   9.42017759E-02
   6.29107259E-01   4.26017295E-02   3.94882913E-02   9.40759042E-02
   6.57616260E-01   4.26221266E-02   3.95348994E-02   9.41668705E-02
   6.77910472E-01   4.25764002E-02   3.94857214E-02   9.40650384E-02
   7.15097096E-01   4.26143177E-02   3.95102374E-02   9.41575513E-02
   7.27155252E-01   4.25572074E-02   3.94831809E-02   9.40728862E-02
   7.39767141E-01   4.22881751E-02   3.92129985E-02   9.40104327E-02
   7.42786137E-01   4.19856900E-02   3.89487653E-02   9.38157964E-02
   7.49544206E-01   4.05467058E-02   3.75961954E-02   9.32286493E-02
   7.50831650E-01   3.99872047E-02   3.70894456E-02   9.29462296E-02
   7.63958316E-01   3.09881176E-02   2.87263911E-02   8.90838645E-02
   7.68171436E-01   2.85204991E-02   2.64493161E-02   8.80214974E-02
   7.70213407E-01   2.78329328E-02   2.58009906E-02   8.77269576E-02
   7.79596407E-01   2.65493299E-02   2.46215936E-02   8.71989237E-02
   8.24980853E-01   2.65261479E-02   2.46035392E-02   8.72092027E-02
   8.94525461E-01   2.65844022E-02   2.46553872E-02   8.72025421E-02
   9.89400365E-01   2.65374556E-02   2.45888189E-02   8.71219559E-02
   9.89557668E-01   2.65110173E-02   2.44911683E-02   8.68976957E-02
   9.89751281E-01   2.63828384E-02   2.42168491E-02   8.61630041E-02
   9.89881827E-01   2.62148295E-02   2.38415320E-02   8.52154843E-02
   9.89997814E-01   2.59582225E-02   2.32851911E-02   8.37900194E-02
   9.90099376E-01   2.56079528E-02   2.25281472E-02   8.18610748E-02
   9.90193165E-01   2.51321352E-02   2.15109952E-02   7.92719591E-02
   9.90283006E-01   2.44917863E-02   2.01596870E-02   7.58389213E-02
   9.90373720E-01   2.36148193E-02   1.83423751E-02   7.12327640E-02
   9.90474685E-01   2.23268387E-02   1.57456822E-02   6.46721291E-02
   9.90740971E-01   1.78174222E-02   7.33009100E-03   4.35576541E-02
   9.90802511E-01   1.66839928E-02   5.58838292E-03   3.91864160E-02
   9.90856687E-01   1.58115036E-02   4.27666566E-03   3.59116205E-02
   9.90906019E-01   1.51234309E-02   3.28292542E-03   3.34213569E-02
   9.90953038E-01   1.45661125E-02   2.51103443E-03   3.14773089E-02
   9.90999385E-01   1.41093657E-02   1.90361816E-03   2.99390606E-02
   9.91046289E-01   1.37343358E-02   1.42366427E-03   2.87165188E-02
   9.91094844E-01   1.34279481E-02   1.04528302E-03   2.77469447E-02
   9.91146201E-01   1.31802785E-02   7.49183360E-04   2.69837322E-02
   9.91201774E-01   1.29831673E-02   5.20251936E-04   2.63903694E-02
   9.91263624E-01   1.28293943E-02   3.46109893E-04   2.59368236E-02
   9.91335427E-01   1.27121185E-02   2.16144543E-04   2.55971321E-02
   9.91425720E-01   1.26245359E-02   1.20866180E-04   2.53478029E-02
   9.91564266E-01   1.25598363E-02   5.15730516E-05   2.51665469E-02
   9.92827901E-01   1.24781847E-02  -3.56778947E-05   2.49360360E-02
   9.96426102E-01   1.25038715E-02  -6.99788128E-06   2.50151681E-02
   1.00000000E+00   1.25088726E-02   0.00000000E+00   2.50260741E-02
TIME =   2.84000E-01
   0.00000000E+00   1.00023815E-01   0.00000000E+00   2.50074106E-01
   8.30082102E-02   9.99780392E-02  -2.64865430E-05   2.49942920E-01
   1.23425255E-01   1.00015227E-01   3.47177735E-05   2.49988477E-01
   1.29705298E-01   9.99271087E-02   1.36850242E-04   2.49582549E-01
   1.40765626E-01   1.00135426E-01  -1.30245847E-04   2.50670759E-01
   1.60015892E-01   9.89610440E-02   1.07172999E-03   2.46539624E-01
   1.64226078E-01   9.87447175E-02   1.68814744E-03   2.45394731E-01
   1.80852066E-01   9.50775912E-02   5.62381662E-03   2.33099933E-01
   2.08934286E-01   8.91621533E-02   1.20749053E-02   2.13475309E-01
   2.44886371E-01   8.13305386E-02   1.94782548E-02   1.89491168E-01
   2.67797806E-01   7.69104749E-02   2.33546646E-02   1.76590529E-01
   2.90970129E-01   7.23011106E-02   2.68566618E-02   1.63826417E-01
   3.09149848E-01   6.90446043E-02   2.92034060E-02   1.54991134E-01
   3.29306269E-01   6.53666367E-02   3.14840166E-02   1.45449327E-01
   3.46560339E-01   6.24733558E-02   3.31821778E-02   1.38186894E-01
   3.65829897E-01   5.92506998E-02   3.48117929E-02   1.30366463E-01
   3.80509483E-01   5.69974028E-02   3.59053818E-02   1.25034937E-01
   3.99680197E-01   5.40036634E-02   3.70590410E-02   1.18223350E-01
   4.19537816E-01   5.11425818E-02   3.80213230E-02   1.11882439E-01
   4.35193713E-01   4.88946705E-02   3.85577773E-02   1.07062312E-01
   4.47298803E-01   4.73211924E-02   3.89206849E-02   1.03730261E-01
   4.62826458E-01   4.52982115E-02   3.92167368E-02   9.95339075E-02
   4.70975177E-01   4.44448999E-02   3.93510667E-02   9.77747242E-02
   4.80882622E-01   4.34052367E-02   3.94424277E-02   9.56635137E-02
   4.85688132E-01   4.31421189E-02   3.94764681E-02   9.51433303E-02
   4.93688659E-01   4.27057608E-02   3.94979024E-02   9.42672273E-02
   5.01532577E-01   4.26735168E-02   3.95141204E-02   9.42120267E-02
   5.13904133E-01   4.25984942E-02   3.95163772E-02   9.40611224E-02
   5.36017633E-01   4.26199672E-02   3.95188560E-02   9.41314463E-02
   5.51161054E-01   4.26151513E-02   3.95315308E-02   9.41148573E-02
   6.03964662E-01   4.26540095E-02   3.95312435E-02   9.42074694E-02
   6.34335051E-01   4.25980140E-02   3.94881209E-02   9.40683457E-02
   6.63238472E-01   4.26193097E-02   3.95331400E-02   9.41614676E-02
   6.82823240E-01   4.25785302E-02   3.94866226E-02   9.40714169E-02
   7.18282673E-01   4.26121029E-02   3.95083133E-02   9.41503567E-02
   7.30653343E-01   4.25578487E-02   3.94841677E-02   9.40733249E-02
   7.43085431E-01   4.23006793E-02   3.92251432E-02   9.40139331E-02
   7.46642611E-01   4.19532653E-02   3.89250004E-02   9.38144414E-02
   7.52902724E-01   4.06171193E-02   3.76610207E-02   9.32619083E-02
   7.54788162E-01   3.98005630E-02   3.69215683E-02   9.28790079E-02
   7.68067644E-01   3.07389966E-02   2.84922035E-02   8.89807737E-02
   7.71661889E-01   2.86672491E-02   2.65858726E-02   8.80860282E-02
   7.74220813E-01   2.77966455E-02   2.57641196E-02   8.77119089E-02
   7.83244058E-01   2.65516250E-02   2.46228867E-02   8.71922685E-02
   8.29144541E-01   2.65259369E-02   2.46029508E-02   8.72083516E-02
   9.00149995E-01   2.65852100E-02   2.46585360E-02   8.72079349E-02
   9.96362025E-01   2.65375036E-02   2.45821382E-02   8.71163777E-02
   9.96578337E-01   2.64879887E-02   2.44626536E-02   8.68066672E-02
   9.96761698E-01   2.63660818E-02   2.42017099E-02   8.61269765E-02
   9.96893799E-01   2.61958092E-02   2.38282191E-02   8.51749877E-02
   9.97009129E-01   2.59417026E-02   2.32780422E-02   8.37674103E-02
   9.97110732E-01   2.55918068E-02   2.25239609E-02   8.18445794E-02
   9.97204558E-01   2.51161651E-02   2.15085289E-02   7.92587706E-02
   9.97294438E-01   2.44752807E-02   2.01571419E-02   7.58239500E-02
   9.97385164E-01   2.35969394E-02   1.83377058E-02   7.12103286E-02
   9.97486074E-01   2.23065662E-02   1.57366397E-02   6.46357969E-02
   9.97746264E-01   1.78847683E-02   7.47519779E-03   4.38980228E-02
   9.97806113E-01   1.67718935E-02   5.75167493E-03   3.95712668E-02
   9.97858259E-01   1.59144180E-02   4.45280784E-03   3.63273922E-02
   9.97905260E-01   1.52367281E-02   3.46526392E-03   3.38529524E-02
   9.97949549E-01   1.46857950E-02   2.69405560E-03   3.19117224E-02
   9.97992644E-01   1.42316620E-02   2.08264395E-03   3.03648805E-02
   9.98035614E-01   1.38555572E-02   1.59464352E-03   2.91235398E-02
   9.98079343E-01   1.35444830E-02   1.20470653E-03   2.81260151E-02
   9.98124684E-01   1.32886793E-02   8.94084364E-04   2.73268050E-02
   9.98172583E-01   1.30803313E-02   6.48292464E-04   2.66907810E-02
   9.98224243E-01   1.29128654E-02   4.55783685E-04   2.61898804E-02
   9.98281410E-01   1.27805352E-02   3.07126873E-04   2.58010668E-02
   9.98347054E-01   1.26781142E-02   1.94409280E-04   2.55048521E-02
   9.98427574E-01   1.26005706E-02   1.10694989E-04   2.52838876E-02
   9.98543180E-01   1.25427842E-02   4.96302290E-05   2.51214661E-02
   9.99195043E-01   1.24769201E-02  -1.41420125E-05   2.49365042E-02
   1.00000000E+00   1.24763179E-02   0.00000000E+00   2.49365935E-02
TIME =   2.88000E-01
   0.00000000E+00   1.00025929E-01   0.00000000E+00   2.50082885E-01
   8.44979999E-02   9.99768095E-02  -2.73425802E-05   2.49936329E-01
   1.21701679E-01   1.00002427E-01   5.41633665E-05   2.49954684E-01
   1.27277863E-01   9.99403126E-02   4.85061142E-05   2.49610269E-01
   1.37256979E-01   1.00145283E-01  -5.61523726E-05   2.50587761E-01
   1.54166483E-01   9.90128712E-02   9.74297358E-04   2.46860818E-01
   1.61531354E-01   9.83413526E-02   2.07323208E-03   2.44049321E-01
   1.78326330E-01   9.46765640E-02   6.09337518E-03   2.31763373E-01
   2.04502702E-01   8.92446412E-02   1.20032728E-02   2.13728086E-01
   2.41461348E-01   8.12877280E-02   1.95020446E-02   1.89362397E-01
   2.65282302E-01   7.67651595E-02   2.34715697E-02   1.76158924E-01
   2.88504718E-01   7.22095732E-02   2.69232691E-02   1.63579151E-01
   3.07137059E-01   6.89259974E-02   2.92972456E-02   1.54689045E-01
   3.27803868E-01   6.52107383E-02   3.15847152E-02   1.45060591E-01
   3.44526752E-01   6.24517008E-02   3.31986752E-02   1.38130299E-01
   3.65072916E-01   5.90564596E-02   3.48933970E-02   1.29906507E-01
   3.80170853E-01   5.67851923E-02   3.59855849E-02   1.24535679E-01
   3.98625852E-01   5.39457268E-02   3.70748241E-02   1.18086934E-01
   4.18695984E-01   5.10965103E-02   3.80360819E-02   1.11779703E-01
   4.35695461E-01   4.87025594E-02   3.86089262E-02   1.06651046E-01
   4.48125248E-01   4.71199167E-02   3.89657684E-02   1.03311227E-01
   4.63217140E-01   4.51864411E-02   3.92383375E-02   9.93133721E-02
   4.71398363E-01   4.43502741E-02   3.93636308E-02   9.75907775E-02
   4.81067771E-01   4.33639187E-02   3.94502785E-02   9.55844172E-02
   4.85945785E-01   4.31090625E-02   3.94800081E-02   9.50758119E-02
   4.93883825E-01   4.26974846E-02   3.95002043E-02   9.42502114E-02
   5.01949898E-01   4.26666378E-02   3.95089883E-02   9.41952977E-02
   5.14399358E-01   4.25987038E-02   3.95163764E-02   9.40580744E-02
   5.36892309E-01   4.26181296E-02   3.95151471E-02   9.41239414E-02
   5.52478705E-01   4.26152026E-02   3.95286175E-02   9.41130097E-02
   6.07592932E-01   4.26553049E-02   3.95338659E-02   9.42122195E-02
   6.39486579E-01   4.25943928E-02   3.94882552E-02   9.40613273E-02
   6.68786359E-01   4.26173349E-02   3.95309950E-02   9.41573912E-02
   6.87707439E-01   4.25807536E-02   3.94878113E-02   9.40783362E-02
   7.21500590E-01   4.26096979E-02   3.95064642E-02   9.41424099E-02
   7.34175061E-01   4.25576277E-02   3.94843265E-02   9.40745145E-02
   7.46328898E-01   4.23164114E-02   3.92396013E-02   9.40137435E-02
   7.50604901E-01   4.19037040E-02   3.88823154E-02   9.38023286E-02
   7.56267882E-01   4.06920856E-02   3.77311438E-02   9.33010872E-02
   7.58747269E-01   3.96180099E-02   3.67556234E-02   9.28110734E-02
   7.72186118E-01   3.04855419E-02   2.82556381E-02   8.88813553E-02
   7.75156055E-01   2.88032053E-02   2.67128292E-02   8.81459909E-02
   7.78211177E-01   2.77609444E-02   2.57295114E-02   8.77017798E-02
   7.86886144E-01   2.65547133E-02   2.46249581E-02   8.71845002E-02
   8.32276782E-01   2.65244973E-02   2.46012204E-02   8.72072472E-02
   9.02757190E-01   2.65856303E-02   2.46604168E-02   8.72117738E-02
   9.96241467E-01   2.65421316E-02   2.45868011E-02   8.71296866E-02
   9.96421072E-01   2.66138409E-02   2.45628464E-02   8.73601555E-02
   9.96531336E-01   2.67239941E-02   2.45243560E-02   8.77179174E-02
   9.96615749E-01   2.68822452E-02   2.44664343E-02   8.82377849E-02
   9.96685790E-01   2.70975465E-02   2.43837896E-02   8.89517834E-02
   9.96746768E-01   2.73795891E-02   2.42693193E-02   8.98967571E-02
   9.96802028E-01   2.77418465E-02   2.41123986E-02   9.11253361E-02
   9.96854136E-01   2.82057398E-02   2.38959720E-02   9.27218097E-02
   9.96905411E-01   2.88070042E-02   2.35909914E-02   9.48281899E-02
   9.96958412E-01   2.96081286E-02   2.31443164E-02   9.76972896E-02
   9.97015626E-01   3.07033196E-02   2.24642823E-02   1.01730426E-01
   9.97078990E-01   3.22052998E-02   2.14120776E-02   1.07460260E-01
   9.97154532E-01   3.43500770E-02   1.96913577E-02   1.16023409E-01
   9.97248861E-01   3.73601143E-02   1.68798545E-02   1.28774211E-01
   9.97348358E-01   4.05565007E-02   1.34516034E-02   1.43183864E-01
   9.97440928E-01   4.32239760E-02   1.02880429E-02   1.55835507E-01
   9.97525461E-01   4.52433639E-02   7.72824976E-03   1.65768305E-01
   9.97606115E-01   4.67667167E-02   5.70896165E-03   1.73456781E-01
   9.97686363E-01   4.79227534E-02   4.12770269E-03   1.79402162E-01
   9.97769238E-01   4.88017642E-02   2.89734675E-03   1.83987785E-01
   9.97857821E-01   4.94658425E-02   1.95147534E-03   1.87492055E-01
   9.97955303E-01   4.99559993E-02   1.24193492E-03   1.90105281E-01
   9.98068373E-01   5.03111157E-02   7.22460841E-04   1.92021540E-01
   9.98197799E-01   5.05390965E-02   3.77572273E-04   1.93275369E-01
   9.98391487E-01   5.06960073E-02   1.34015925E-04   1.94181660E-01
   9.98468608E-01   5.07111153E-02   6.77602133E-05   1.94266537E-01
   1.00000000E+00   5.06957488E-02   0.00000000E+00   1.94806839E-01
TIME =   2.92000E-01
   0.00000000E+00   1.00028672E-01   0.00000000E+00   2.50092853E-01
   8.89470604E-02   9.99722420E-02  -2.29219217E-05   2.49920918E-01
   1.25910815E-01   1.00000976E-01   7.19544651E-05   2.49920669E-01
   1.30177978E-01   1.00007982E-01  -1.26687230E-04   2.49873540E-01
   1.34802077E-01   1.00086143E-01   5.88305214E-05   2.50261122E-01
   1.48388137E-01   9.90944919E-02   9.14881647E-04   2.47231027E-01
   1.57686559E-01   9.81655920E-02   2.21116123E-03   2.43518106E-01
   1.74586041E-01   9.45293958E-02   6.25601967E-03   2.31276592E-01
   2.00056581E-01   8.93328474E-02   1.19402085E-02   2.13995214E-01
   2.38107919E-01   8.12327421E-02   1.95391262E-02   1.89198668E-01
   2.62837271E-01   7.66085061E-02   2.35944292E-02   1.75697603E-01
   2.86217148E-01   7.20869109E-02   2.70098022E-02   1.63240978E-01
   3.05539751E-01   6.87368212E-02   2.94341240E-02   1.54198772E-01
   3.26481529E-01   6.50283076E-02   3.17015040E-02   1.44608691E-01
   3.42783762E-01   6.23865346E-02   3.32435884E-02   1.37966927E-01
   3.64272986E-01   5.88765769E-02   3.49711493E-02   1.29483228E-01
   3.80020586E-01   5.65496729E-02   3.60741513E-02   1.23985233E-01
   3.97660768E-01   5.38754495E-02   3.70923935E-02   1.17921597E-01
   4.17607274E-01   5.10858399E-02   3.80387596E-02   1.11752680E-01
   4.35966089E-01   4.85457670E-02   3.86496432E-02   1.06315180E-01
   4.48869182E-01   4.69347832E-02   3.90051311E-02   1.02924739E-01
   4.63452130E-01   4.50980765E-02   3.92579893E-02   9.91402424E-02
   4.71581261E-01   4.42834544E-02   3.93730350E-02   9.74643316E-02
   4.81065834E-01   4.33402062E-02   3.94580248E-02   9.55446391E-02
   4.85953989E-01   4.30907979E-02   3.94833897E-02   9.50408376E-02
   4.93877172E-01   4.26971791E-02   3.95051051E-02   9.42502041E-02
   5.02027292E-01   4.26620059E-02   3.95054447E-02   9.41849450E-02
   5.14554471E-01   4.25989535E-02   3.95154187E-02   9.40546619E-02
   5.37562017E-01   4.26166787E-02   3.95123821E-02   9.41173796E-02
   5.53661232E-01   4.26149022E-02   3.95250082E-02   9.41098544E-02
   6.11201086E-01   4.26561489E-02   3.95363322E-02   9.42158647E-02
   6.44511913E-01   4.25910626E-02   3.94886890E-02   9.40552285E-02
   6.74159980E-01   4.26161650E-02   3.95284553E-02   9.41544346E-02
   6.92479903E-01   4.25829129E-02   3.94893935E-02   9.40855166E-02
   7.24797545E-01   4.26071884E-02   3.95046985E-02   9.41338570E-02
   7.37792389E-01   4.25560522E-02   3.94832765E-02   9.40757115E-02
   7.49580183E-01   4.23329317E-02   3.92545334E-02   9.40132843E-02
   7.54611637E-01   4.18486495E-02   3.88310900E-02   9.37829211E-02
   7.59675287E-01   4.07592326E-02   3.77945553E-02   9.33365319E-02
   7.62681372E-01   3.94561988E-02   3.66072233E-02   9.27507298E-02
   7.76247727E-01   3.02706826E-02   2.80567257E-02   8.88013337E-02
   7.78651958E-01   2.89303757E-02   2.68317193E-02   8.82029645E-02
   7.82154072E-01   2.77320201E-02   2.57030855E-02   8.76986681E-02
   7.90536283E-01   2.65580765E-02   2.46276689E-02   8.71765539E-02
   8.34816848E-01   2.65225452E-02   2.45984219E-02   8.72057547E-02
   9.03527982E-01   2.65849824E-02   2.46620322E-02   8.72134321E-02
   9.92200234E-01   2.65508743E-02   2.45950752E-02   8.71548582E-02
   9.92387177E-01   2.66344245E-02   2.45672743E-02   8.74227148E-02
   9.92502878E-01   2.67670088E-02   2.45206099E-02   8.78539874E-02
   9.92591854E-01   2.69623243E-02   2.44481843E-02   8.84972205E-02
   9.92666258E-01   2.72346152E-02   2.43413793E-02   8.94036737E-02
   9.92731569E-01   2.75990963E-02   2.41884012E-02   9.06322421E-02
   9.92790891E-01   2.80724144E-02   2.39734430E-02   9.22520369E-02
   9.92846307E-01   2.86736326E-02   2.36753248E-02   9.43473791E-02
   9.92899526E-01   2.94270749E-02   2.32645911E-02   9.70304565E-02
   9.92952312E-01   3.03688052E-02   2.26971096E-02   1.00469659E-01
   9.93006868E-01   3.15582291E-02   2.19009209E-02   1.04943210E-01
   9.93066452E-01   3.30996451E-02   2.07484026E-02   1.10945239E-01
   9.93138308E-01   3.52340996E-02   1.89499921E-02   1.19616502E-01
   9.93244355E-01   3.86393490E-02   1.56296865E-02   1.34303526E-01
   9.93379323E-01   4.26784998E-02   1.10176260E-02   1.53074374E-01
   9.93477659E-01   4.50715054E-02   8.01909532E-03   1.64760932E-01
   9.93561782E-01   4.66677666E-02   5.91650168E-03   1.72781526E-01
   9.93641996E-01   4.78301595E-02   4.33580949E-03   1.78733218E-01
   9.93722958E-01   4.87043564E-02   3.12021176E-03   1.83270285E-01
   9.93807629E-01   4.93653518E-02   2.18591968E-03   1.86735761E-01
   9.93898834E-01   4.98614647E-02   1.47623734E-03   1.89357452E-01
   9.93998725E-01   5.02229902E-02   9.52926193E-04   1.91280816E-01
   9.94114747E-01   5.04866311E-02   5.70967542E-04   1.92693416E-01
   9.94246525E-01   5.06588342E-02   3.13315104E-04   1.93620237E-01
   9.94448256E-01   5.07875688E-02   1.23970106E-04   1.94347852E-01
   9.94688880E-01   5.08696388E-02   2.81908371E-05   1.94653378E-01
   1.00000000E+00   5.07510187E-02   0.00000000E+00   1.94776118E-01
TIME =   2.96000E-01
   0.00000000E+00   1.00032209E-01   0.00000000E+00   2.50108354E-01
   9.52047803E-02   9.99635743E-02  -2.03551761E-05   2.49885844E-01
   1.23698241E-01   1.00016828E-01   9.84830668E-05   2.49981112E-01
   1.26255296E-01   1.00092623E-01  -1.80855014E-04   2.50195132E-01
   1.36596676E-01   9.97121470E-02   4.08617639E-04   2.48912546E-01
   1.43343467E-01   9.91255840E-02   9.22492938E-04   2.47399941E-01
   1.53425814E-01   9.80813336E-02   2.29307764E-03   2.43305405E-01
   1.71276779E-01   9.42871466E-02   6.49796815E-03   2.30481331E-01
   1.95981535E-01   8.93443968E-02   1.19580248E-02   2.14016105E-01
   2.34851695E-01   8.11620627E-02   1.95953411E-02   1.88991831E-01
   2.60375766E-01   7.64580148E-02   2.37100409E-02   1.75256579E-01
   2.84048936E-01   7.19455230E-02   2.71082034E-02   1.62847255E-01
   3.04284104E-01   6.84923649E-02   2.96024565E-02   1.53561160E-01
   3.25311253E-01   6.48250098E-02   3.18296966E-02   1.44106384E-01
   3.41460151E-01   6.22580406E-02   3.33251187E-02   1.37649191E-01
   3.63410471E-01   5.87140948E-02   3.50440071E-02   1.29103654E-01
   3.79954814E-01   5.63077830E-02   3.61654052E-02   1.23423631E-01
   3.96866444E-01   5.37816215E-02   3.71161743E-02   1.17702909E-01
   4.16394875E-01   5.10922686E-02   3.80346139E-02   1.11760848E-01
   4.35965649E-01   4.84278745E-02   3.86794260E-02   1.06062552E-01
   4.49345024E-01   4.67874429E-02   3.90346723E-02   1.02615479E-01
   4.63449119E-01   4.50410313E-02   3.92742936E-02   9.90294098E-02
   4.71468847E-01   4.42482431E-02   3.93790881E-02   9.74019849E-02
   4.80841527E-01   4.33352465E-02   3.94645631E-02   9.55449831E-02
   4.85716237E-01   4.30851494E-02   3.94866688E-02   9.50356578E-02
   4.93674775E-01   4.27033165E-02   3.95115591E-02   9.42639688E-02
   5.01932131E-01   4.26594901E-02   3.95054547E-02   9.41815375E-02
   5.14615165E-01   4.25990207E-02   3.95138962E-02   9.40512792E-02
   5.38240468E-01   4.26157202E-02   3.95104196E-02   9.41119387E-02
   5.54888710E-01   4.26144426E-02   3.95210288E-02   9.41059846E-02
   6.14834095E-01   4.26565378E-02   3.95385141E-02   9.42183370E-02
   6.49354618E-01   4.25881783E-02   3.94894348E-02   9.40503461E-02
   6.79246860E-01   4.26156594E-02   3.95255064E-02   9.41521602E-02
   6.97045082E-01   4.25848596E-02   3.94914286E-02   9.40925932E-02
   7.28183897E-01   4.26046698E-02   3.95030787E-02   9.41251335E-02
   7.41527150E-01   4.25532653E-02   3.94809014E-02   9.40761882E-02
   7.52878122E-01   4.23488196E-02   3.92689165E-02   9.40149682E-02
   7.58602588E-01   4.17976443E-02   3.87814926E-02   9.37615689E-02
   7.63134652E-01   4.08136556E-02   3.78457235E-02   9.33627627E-02
   7.66587388E-01   3.93153938E-02   3.64765749E-02   9.26970420E-02
   7.80195107E-01   3.01314269E-02   2.79298633E-02   8.87552172E-02
   7.82173157E-01   2.90408554E-02   2.69348048E-02   8.82537172E-02
   7.86031244E-01   2.77142941E-02   2.56890474E-02   8.77027286E-02
   7.94209645E-01   2.65611519E-02   2.46305081E-02   8.71699931E-02
   8.37367665E-01   2.65206002E-02   2.45953088E-02   8.72033357E-02
   9.04208547E-01   2.65839508E-02   2.46632587E-02   8.72141753E-02
   9.88163662E-01   2.65595060E-02   2.46028847E-02   8.71798749E-02
   9.88351658E-01   2.66456355E-02   2.45742575E-02   8.74558104E-02
   9.88468118E-01   2.67831201E-02   2.45257867E-02   8.79031502E-02
   9.88557704E-01   2.69865048E-02   2.44501463E-02   8.85733001E-02
   9.88632656E-01   2.72709600E-02   2.43380355E-02   8.95210277E-02
   9.88698518E-01   2.76528113E-02   2.41766112E-02   9.08098201E-02
   9.88758447E-01   2.81501471E-02   2.39485016E-02   9.25151063E-02
   9.88814579E-01   2.87839017E-02   2.36302211E-02   9.47299028E-02
   9.88868631E-01   2.95801432E-02   2.31893294E-02   9.75759457E-02
   9.88922294E-01   3.05748812E-02   2.25789165E-02   1.01226246E-01
   9.88977678E-01   3.18251856E-02   2.17251310E-02   1.05956481E-01
   9.89038215E-01   3.34377029E-02   2.04944449E-02   1.12277773E-01
   9.89111907E-01   3.56746214E-02   1.85739919E-02   1.21431140E-01
   9.89234060E-01   3.95977192E-02   1.46175527E-02   1.38606684E-01
   9.89371282E-01   4.35410598E-02   9.97686216E-03   1.57220055E-01
   9.89460072E-01   4.55651212E-02   7.39672920E-03   1.67200331E-01
   9.89538150E-01   4.69625486E-02   5.53955671E-03   1.74258376E-01
   9.89613894E-01   4.80086388E-02   4.11010881E-03   1.79629975E-01
   9.89691130E-01   4.88125154E-02   2.98939002E-03   1.83808464E-01
   9.89772638E-01   4.94329682E-02   2.11131819E-03   1.87063675E-01
   9.89861278E-01   4.99080363E-02   1.43125818E-03   1.89574554E-01
   9.89960236E-01   5.02634324E-02   9.17583824E-04   1.91464939E-01
   9.90076197E-01   5.05238591E-02   5.38177208E-04   1.92859878E-01
   9.90215387E-01   5.06997488E-02   2.77760146E-04   1.93815947E-01
   9.90421858E-01   5.08374893E-02   9.53405898E-05   1.94489982E-01
   9.90500289E-01   5.08673168E-02   4.84084601E-05   1.94557677E-01
   1.00000000E+00   5.08129800E-02   0.00000000E+00   1.94922243E-01
TIME =   3.00000E-01
   0.00000000E+00   1.00035478E-01   0.00000000E+00   2.50120643E-01
   9.92225060E-02   9.99565229E-02  -1.93227314E-05   2.49860131E-01
   1.16655616E-01   9.99920454E-02   1.16439831E-04   2.49901518E-01
   1.19994535E-01   1.00133409E-01  -1.01272105E-04   2.50472853E-01
   1.32320213E-01   9.97275617E-02   3.75946301E-04   2.48777348E-01
   1.39098193E-01   9.90801823E-02   9.36933953E-04   2.47166677E-01
   1.49337776E-01   9.79751502E-02   2.43618415E-03   2.43017187E-01
   1.69164529E-01   9.38041648E-02   7.00337118E-03   2.28883524E-01
   1.92962525E-01   8.91408564E-02   1.21862365E-02   2.13355339E-01
   2.31682389E-01   8.10777607E-02   1.96671138E-02   1.88751612E-01
   2.57811160E-01   7.63304752E-02   2.38070287E-02   1.74883276E-01
   2.81926477E-01   7.17997582E-02   2.72086293E-02   1.62438694E-01
   3.03172143E-01   6.82283768E-02   2.97779386E-02   1.52871204E-01
   3.24225356E-01   6.46131891E-02   3.19614114E-02   1.43583003E-01
   3.40655339E-01   6.20519469E-02   3.34480218E-02   1.37143174E-01
   3.62514183E-01   5.85641101E-02   3.51142756E-02   1.28755485E-01
   3.79968654E-01   5.60611517E-02   3.62599273E-02   1.22855084E-01
   3.96341196E-01   5.36515295E-02   3.71515262E-02   1.17403778E-01
   4.15187441E-01   5.10977963E-02   3.80287101E-02   1.11764652E-01
   4.35674805E-01   4.83497626E-02   3.86983463E-02   1.05894935E-01
   4.49427396E-01   4.66909218E-02   3.90524311E-02   1.02410650E-01
   4.63170030E-01   4.50174560E-02   3.92858645E-02   9.89835214E-02
   4.71096514E-01   4.42397335E-02   3.93830793E-02   9.73929871E-02
   4.80454391E-01   4.33431291E-02   3.94691813E-02   9.55708230E-02
   4.85341766E-01   4.30857092E-02   3.94901101E-02   9.50474818E-02
   4.93381023E-01   4.27115911E-02   3.95180307E-02   9.42834106E-02
   5.01865305E-01   4.26586904E-02   3.95095386E-02   9.41839624E-02
   5.14854925E-01   4.25990376E-02   3.95128481E-02   9.40492420E-02
   5.39142897E-01   4.26153107E-02   3.95089946E-02   9.41078143E-02
   5.56339488E-01   4.26139786E-02   3.95169641E-02   9.41018956E-02
   6.18516728E-01   4.26565012E-02   3.95403491E-02   9.42196766E-02
   6.53949900E-01   4.25858573E-02   3.94905329E-02   9.40469244E-02
   6.83924574E-01   4.26156047E-02   3.95221289E-02   9.41499505E-02
   7.01296344E-01   4.25864673E-02   3.94938880E-02   9.40991627E-02
   7.31618919E-01   4.26022860E-02   3.95017161E-02   9.41169180E-02
   7.45344700E-01   4.25499361E-02   3.94774867E-02   9.40757803E-02
   7.56231314E-01   4.23634918E-02   3.92823159E-02   9.40192272E-02
   7.62552599E-01   4.17539545E-02   3.87380509E-02   9.37416778E-02
   7.66643624E-01   4.08546618E-02   3.78836801E-02   9.33800600E-02
   7.70461654E-01   3.91961043E-02   3.63642253E-02   9.26484705E-02
   7.84009219E-01   3.00796478E-02   2.78855845E-02   8.87466293E-02
   7.85773921E-01   2.91157380E-02   2.70048097E-02   8.82899083E-02
   7.89838101E-01   2.77097062E-02   2.56889080E-02   8.77130541E-02
   7.97915949E-01   2.65638438E-02   2.46334413E-02   8.71661159E-02
   8.39954375E-01   2.65187145E-02   2.45919763E-02   8.71999203E-02
   9.04801609E-01   2.65825005E-02   2.46640184E-02   8.72139216E-02
   9.84126373E-01   2.65679444E-02   2.46101912E-02   8.72044659E-02
   9.84315651E-01   2.66571491E-02   2.45805756E-02   8.74900272E-02
   9.84433035E-01   2.68005118E-02   2.45299258E-02   8.79566539E-02
   9.84523372E-01   2.70136373E-02   2.44503802E-02   8.86593288E-02
   9.84599006E-01   2.73128327E-02   2.43317821E-02   8.96571520E-02
   9.84665544E-01   2.77157108E-02   2.41600070E-02   9.10190300E-02
   9.84726196E-01   2.82418775E-02   2.39158497E-02   9.28273221E-02
   9.84783155E-01   2.89142657E-02   2.35731377E-02   9.51846889E-02
   9.84838224E-01   2.97618905E-02   2.30953338E-02   9.82274443E-02
   9.84893216E-01   3.08253797E-02   2.24290220E-02   1.02151777E-01
   9.84950452E-01   3.21696817E-02   2.14892709E-02   1.07273051E-01
   9.85013900E-01   3.39198721E-02   2.01187696E-02   1.14191120E-01
   9.85093265E-01   3.63982889E-02   1.79424614E-02   1.24423652E-01
   9.85248636E-01   4.12750020E-02   1.27272904E-02   1.46362302E-01
   9.85368156E-01   4.44445415E-02   8.86078698E-03   1.61612867E-01
   9.85454033E-01   4.62163268E-02   6.55900517E-03   1.70443945E-01
   9.85533576E-01   4.74832779E-02   4.85296879E-03   1.76892674E-01
   9.85613306E-01   4.84410668E-02   3.53092160E-03   1.81840865E-01
   9.85696907E-01   4.91750651E-02   2.49943051E-03   1.85675363E-01
   9.85787432E-01   4.97327634E-02   1.70407514E-03   1.88614087E-01
   9.85889766E-01   5.01528956E-02   1.10171298E-03   1.90844243E-01
   9.86003259E-01   5.04405458E-02   6.76148532E-04   1.92380647E-01
   9.86159538E-01   5.06625640E-02   3.61719651E-04   1.93585874E-01
   9.86290825E-01   5.07510223E-02   2.10146135E-04   1.94047891E-01
   9.86834900E-01   5.08764981E-02   5.46252450E-05   1.94745727E-01
   9.88774817E-01   5.08806705E-02   2.55066393E-05   1.94655568E-01
   1.00000000E+00   5.08343094E-02   0.00000000E+00   1.94963922E-01
TIME =   4.00000E-01
   0.00000000E+00   1.00061969E-01   0.00000000E+00   2.50296747E-01
   2.54545902E-03   1.00106926E-01  -1.22799959E-06   2.50263827E-01
   6.37266247E-03   9.98083812E-02   1.37419097E-04   2.49443487E-01
   1.15589753E-02   9.96263235E-02   3.18262465E-04   2.48495479E-01
   2.41324026E-02   9.90427749E-02   1.09120741E-03   2.46694596E-01
   3.69316807E-02   9.74527952E-02   2.95924829E-03   2.41149484E-01
   7.09439908E-02   9.21376839E-02   8.98678431E-03   2.23359747E-01
   1.11350340E-01   8.58846473E-02   1.52497824E-02   2.03229454E-01
   1.33362356E-01   8.26531920E-02   1.83370067E-02   1.93402999E-01
   1.54808435E-01   7.92260191E-02   2.12489341E-02   1.83416100E-01
   1.92080479E-01   7.42413799E-02   2.54631062E-02   1.68992301E-01
   2.24198700E-01   6.98134945E-02   2.86441534E-02   1.56992465E-01
   2.53259384E-01   6.61868379E-02   3.10602902E-02   1.47527514E-01
   2.83171293E-01   6.24346120E-02   3.32207199E-02   1.38127236E-01
   3.14021856E-01   5.89109635E-02   3.50479163E-02   1.29559293E-01
   3.36887863E-01   5.62388041E-02   3.61568112E-02   1.23369577E-01
   3.62957013E-01   5.34943858E-02   3.72275165E-02   1.17087556E-01
   3.86517510E-01   5.09880922E-02   3.79811556E-02   1.11529563E-01
   4.07830741E-01   4.89230953E-02   3.85691374E-02   1.07078823E-01
   4.34218047E-01   4.63747607E-02   3.90714294E-02   1.01739209E-01
   4.49256638E-01   4.51182692E-02   3.92967978E-02   9.91533297E-02
   4.65246542E-01   4.37973121E-02   3.94622424E-02   9.64524349E-02
   4.71766234E-01   4.34312879E-02   3.94966424E-02   9.57296151E-02
   4.82563141E-01   4.28638135E-02   3.95463939E-02   9.45824354E-02
   4.89915471E-01   4.27488424E-02   3.95421942E-02   9.43714950E-02
   5.00525824E-01   4.26228648E-02   3.95485589E-02   9.41128058E-02
   5.25247241E-01   4.26285533E-02   3.95216073E-02   9.41204720E-02
   5.56544600E-01   4.26042020E-02   3.94951174E-02   9.40630107E-02
   6.05055881E-01   4.26527216E-02   3.95338190E-02   9.41840013E-02
   6.26169767E-01   4.26274239E-02   3.95401025E-02   9.41611282E-02
   6.69942856E-01   4.26369413E-02   3.95340774E-02   9.41545476E-02
   6.95550923E-01   4.25853052E-02   3.94995285E-02   9.40506806E-02
   7.25441176E-01   4.26267967E-02   3.95006163E-02   9.41100945E-02
   7.49928857E-01   4.25911200E-02   3.95202837E-02   9.41039903E-02
   8.03949890E-01   4.26105409E-02   3.95141071E-02   9.41322897E-02
   8.37894487E-01   4.25432791E-02   3.94585152E-02   9.40561880E-02
   8.47076664E-01   4.24008459E-02   3.93148625E-02   9.40251940E-02
   8.56189364E-01   4.13099481E-02   3.83247137E-02   9.35345171E-02
   8.58524351E-01   4.06881817E-02   3.77339939E-02   9.32875856E-02
   8.64113399E-01   3.82100673E-02   3.54537150E-02   9.21990498E-02
   8.77061833E-01   3.03173924E-02   2.81288808E-02   8.87994003E-02
   8.78925274E-01   2.94024377E-02   2.73023877E-02   8.83593459E-02
   8.82841470E-01   2.81133148E-02   2.61033156E-02   8.78061921E-02
   8.83278009E-01   2.80513791E-02   2.59589451E-02   8.79665388E-02
   8.83403318E-01   2.80970306E-02   2.59004099E-02   8.82008739E-02
   8.83495886E-01   2.81946028E-02   2.58363369E-02   8.85731723E-02
   8.83572591E-01   2.83511842E-02   2.57562828E-02   8.91217821E-02
   8.83639296E-01   2.85769718E-02   2.56518281E-02   8.98869746E-02
   8.83699089E-01   2.88832413E-02   2.55133751E-02   9.09132281E-02
   8.83754034E-01   2.92831004E-02   2.53286686E-02   9.22536856E-02
   8.83805658E-01   2.97920892E-02   2.50816188E-02   9.39736994E-02
   8.83855201E-01   3.04291009E-02   2.47507352E-02   9.61559411E-02
   8.83903807E-01   3.12182457E-02   2.43065927E-02   9.89096585E-02
   8.83952714E-01   3.21925953E-02   2.37072429E-02   1.02388335E-01
   8.84003525E-01   3.34022453E-02   2.28887471E-02   1.06826820E-01
   8.84058834E-01   3.49347035E-02   2.17417680E-02   1.12633838E-01
   8.84124288E-01   3.69845212E-02   2.00326139E-02   1.20703814E-01
   8.84218242E-01   4.01773819E-02   1.70478995E-02   1.33885805E-01
   8.84405553E-01   4.58292806E-02   1.04913010E-02   1.59824138E-01
   8.84504894E-01   4.80679198E-02   7.59253247E-03   1.70779018E-01
   8.84595455E-01   4.95814252E-02   5.51813569E-03   1.78466527E-01
   8.84686648E-01   5.06691881E-02   3.95551657E-03   1.84182428E-01
   8.84783616E-01   5.14507862E-02   2.77385671E-03   1.88451182E-01
   8.84892947E-01   5.20026651E-02   1.89092835E-03   1.91634045E-01
   8.85013876E-01   5.23337398E-02   1.27495641E-03   1.93750394E-01
   8.85185459E-01   5.25295674E-02   8.27783179E-04   1.95382720E-01
   8.85351118E-01   5.25768457E-02   6.00179535E-04   1.95999799E-01
   8.85878730E-01   5.21984591E-02   4.12666696E-04   1.96572289E-01
   8.88848330E-01   5.12982901E-02   1.86930567E-04   1.95812391E-01
   8.97523501E-01   5.08806194E-02   5.30498400E-06   1.95161581E-01
   9.34453373E-01   5.09559686E-02  -2.69828118E-05   1.95019903E-01
   9.55650268E-01   5.09634154E-02  -1.03277045E-05   1.94910266E-01
   1.00000000E+00   5.09244107E-02   0.00000000E+00   1.95169911E-01
