t=  0.00000E+00, nstep=   0, cpu=     0.0
   0.00000000E+00   1.00000000E-01   0.00000000E+00   2.50000000E-01
   8.00000000E-02   1.00000000E-01   0.00000000E+00   2.50000000E-01
   1.60000000E-01   1.00000000E-01   0.00000000E+00   2.50000000E-01
   2.40000000E-01   1.00000000E-01   0.00000000E+00   2.50000000E-01
   3.20000000E-01   1.00000000E-01   0.00000000E+00   2.50000000E-01
   4.00000000E-01   1.00000000E-01   0.00000000E+00   2.50000000E-01
   4.80000000E-01   1.00000000E-01   0.00000000E+00   2.50000000E-01
   4.81700000E-01   1.00000000E-01   0.00000000E+00   2.50000000E-01
   4.83400000E-01   1.00000000E-01   0.00000000E+00   2.50000000E-01
   4.85100000E-01   1.00000000E-01   0.00000000E+00   2.50000000E-01
   4.86800000E-01   1.00000000E-01   0.00000000E+00   2.50000000E-01
   4.88500000E-01   1.00000000E-01   0.00000000E+00   2.50000000E-01
   4.90200000E-01   1.00000000E-01   0.00000000E+00   2.50000000E-01
   4.91900000E-01   1.00000000E-01   0.00000000E+00   2.50000000E-01
   4.93600000E-01   1.00000000E-01   0.00000000E+00   2.50000000E-01
   4.95300000E-01   1.00000000E-01   0.00000000E+00   2.50000000E-01
   4.97000000E-01   1.00000000E-01   0.00000000E+00   2.50000000E-01
   4.97200000E-01   9.70833333E-02   0.00000000E+00   2.42500000E-01
   4.97400000E-01   9.41666667E-02   0.00000000E+00   2.35000000E-01
   4.97600000E-01   9.12500000E-02   0.00000000E+00   2.27500000E-01
   4.97800000E-01   8.83333333E-02   0.00000000E+00   2.20000000E-01
   4.98000000E-01   8.54166667E-02   0.00000000E+00   2.12500000E-01
   4.98200000E-01   8.25000000E-02   0.00000000E+00   2.05000000E-01
   4.98400000E-01   7.95833333E-02   0.00000000E+00   1.97500000E-01
   4.98600000E-01   7.66666667E-02   0.00000000E+00   1.90000000E-01
   4.98800000E-01   7.37500000E-02   0.00000000E+00   1.82500000E-01
   4.99000000E-01   7.08333333E-02   0.00000000E+00   1.75000000E-01
   4.99200000E-01   6.79166667E-02   0.00000000E+00   1.67500000E-01
   4.99400000E-01   6.50000000E-02   0.00000000E+00   1.60000000E-01
   4.99600000E-01   6.20833333E-02   0.00000000E+00   1.52500000E-01
   4.99800000E-01   5.91666667E-02   0.00000000E+00   1.45000000E-01
   5.00000000E-01   5.62500000E-02   0.00000000E+00   1.37500000E-01
   5.00120000E-01   5.45000000E-02   0.00000000E+00   1.33000000E-01
   5.00240000E-01   5.27500000E-02   0.00000000E+00   1.28500000E-01
   5.00360000E-01   5.10000000E-02   0.00000000E+00   1.24000000E-01
   5.00480000E-01   4.92500000E-02   0.00000000E+00   1.19500000E-01
   5.00600000E-01   4.75000000E-02   0.00000000E+00   1.15000000E-01
   5.00720000E-01   4.57500000E-02   0.00000000E+00   1.10500000E-01
   5.00840000E-01   4.40000000E-02   0.00000000E+00   1.06000000E-01
   5.00960000E-01   4.22500000E-02   0.00000000E+00   1.01500000E-01
   5.01080000E-01   4.05000000E-02   0.00000000E+00   9.70000000E-02
   5.01200000E-01   3.87500000E-02   0.00000000E+00   9.25000000E-02
   5.01320000E-01   3.70000000E-02   0.00000000E+00   8.80000000E-02
   5.01440000E-01   3.52500000E-02   0.00000000E+00   8.35000000E-02
   5.01560000E-01   3.35000000E-02   0.00000000E+00   7.90000000E-02
   5.01680000E-01   3.17500000E-02   0.00000000E+00   7.45000000E-02
   5.01800000E-01   3.00000000E-02   0.00000000E+00   7.00000000E-02
   5.01920000E-01   2.82500000E-02   0.00000000E+00   6.55000000E-02
   5.02040000E-01   2.65000000E-02   0.00000000E+00   6.10000000E-02
   5.02160000E-01   2.47500000E-02   0.00000000E+00   5.65000000E-02
   5.02280000E-01   2.30000000E-02   0.00000000E+00   5.20000000E-02
   5.02400000E-01   2.12500000E-02   0.00000000E+00   4.75000000E-02
   5.02520000E-01   1.95000000E-02   0.00000000E+00   4.30000000E-02
   5.02640000E-01   1.77500000E-02   0.00000000E+00   3.85000000E-02
   5.02760000E-01   1.60000000E-02   0.00000000E+00   3.40000000E-02
   5.02880000E-01   1.42500000E-02   0.00000000E+00   2.95000000E-02
   5.03000000E-01   1.25000000E-02   0.00000000E+00   2.50000000E-02
   5.04700000E-01   1.25000000E-02   0.00000000E+00   2.50000000E-02
   5.06400000E-01   1.25000000E-02   0.00000000E+00   2.50000000E-02
   5.08100000E-01   1.25000000E-02   0.00000000E+00   2.50000000E-02
   5.09800000E-01   1.25000000E-02   0.00000000E+00   2.50000000E-02
   5.11500000E-01   1.25000000E-02   0.00000000E+00   2.50000000E-02
   5.13200000E-01   1.25000000E-02   0.00000000E+00   2.50000000E-02
   5.14900000E-01   1.25000000E-02   0.00000000E+00   2.50000000E-02
   5.16600000E-01   1.25000000E-02   0.00000000E+00   2.50000000E-02
   5.18300000E-01   1.25000000E-02   0.00000000E+00   2.50000000E-02
   5.20000000E-01   1.25000000E-02   0.00000000E+00   2.50000000E-02
   6.00000000E-01   1.25000000E-02   0.00000000E+00   2.50000000E-02
   6.80000000E-01   1.25000000E-02   0.00000000E+00   2.50000000E-02
   7.60000000E-01   1.25000000E-02   0.00000000E+00   2.50000000E-02
   8.40000000E-01   1.25000000E-02   0.00000000E+00   2.50000000E-02
   9.20000000E-01   1.25000000E-02   0.00000000E+00   2.50000000E-02
   1.00000000E+00   1.25000000E-02   0.00000000E+00   2.50000000E-02
t=  1.00000E-04, nstep=  15, cpu=     0.6
   9.98879384E-30   1.00000000E-01  -1.02069527E-32   2.50000000E-01
   7.99973393E-02   1.00000000E-01  -8.47024823E-15   2.50000000E-01
   1.59994679E-01   1.00000000E-01   3.38385435E-14   2.50000000E-01
   2.39992018E-01   1.00000000E-01  -1.26710901E-13   2.50000000E-01
   3.19989357E-01   1.00000000E-01   4.72356144E-13   2.50000000E-01
   3.99986696E-01   1.00000000E-01  -1.76027827E-12   2.50000000E-01
   4.79984036E-01   1.00000000E-01   6.55959680E-12   2.50000000E-01
   4.81683979E-01   9.99999998E-02  -5.23032751E-10   2.49999999E-01
   4.83383922E-01   1.00000001E-01   2.02487841E-09   2.50000004E-01
   4.85083866E-01   9.99999979E-02  -7.46760334E-09   2.49999986E-01
   4.86783809E-01   1.00000005E-01   2.77162810E-08   2.50000041E-01
   4.88483752E-01   9.99999932E-02  -1.03959863E-07   2.49999887E-01
   4.90183690E-01   9.99999798E-02   3.94321578E-07   2.50000272E-01
   4.91883586E-01   1.00000253E-01  -1.51258855E-06   2.49999574E-01
   4.93583047E-01   9.99983611E-02   5.86502285E-06   2.49999284E-01
   4.95276199E-01   1.00008826E-01  -2.29130183E-05   2.50011716E-01
   4.96840456E-01   9.99584162E-02   8.48517689E-05   2.49924003E-01
   4.97176922E-01   9.73589020E-02   1.29919790E-03   2.43043112E-01
   4.97383545E-01   9.44217612E-02   1.50623597E-03   2.35642051E-01
   4.97584195E-01   9.14804148E-02   1.50219290E-03   2.28096840E-01
   4.97785471E-01   8.85449385E-02   1.49946515E-03   2.20545430E-01
   4.97986846E-01   8.56085801E-02   1.49991052E-03   2.12994946E-01
   4.98188190E-01   8.26722098E-02   1.49985612E-03   2.05444439E-01
   4.98389542E-01   7.97358561E-02   1.49984674E-03   1.97893923E-01
   4.98590892E-01   7.67994941E-02   1.49983535E-03   1.90343414E-01
   4.98792243E-01   7.38631284E-02   1.49982117E-03   1.82792910E-01
   4.98993594E-01   7.09267575E-02   1.49980567E-03   1.75242412E-01
   4.99194945E-01   6.79903804E-02   1.49978790E-03   1.67691921E-01
   4.99396298E-01   6.50539961E-02   1.49976762E-03   1.60141437E-01
   4.99597650E-01   6.21176030E-02   1.49974428E-03   1.52590963E-01
   4.99799004E-01   5.91811996E-02   1.49971719E-03   1.45040500E-01
   5.00000358E-01   5.62447829E-02   1.49968563E-03   1.37490052E-01
   5.00121171E-01   5.44829254E-02   1.49966376E-03   1.32959791E-01
   5.00241985E-01   5.27210619E-02   1.49963991E-03   1.28429537E-01
   5.00362799E-01   5.09591910E-02   1.49961341E-03   1.23899290E-01
   5.00483613E-01   4.91973119E-02   1.49958387E-03   1.19369053E-01
   5.00604429E-01   4.74354231E-02   1.49955081E-03   1.14838826E-01
   5.00725245E-01   4.56735231E-02   1.49951365E-03   1.10308610E-01
   5.00846062E-01   4.39116102E-02   1.49947169E-03   1.05778409E-01
   5.00966880E-01   4.21496820E-02   1.49942406E-03   1.01248225E-01
   5.01087699E-01   4.03877359E-02   1.49936970E-03   9.67180591E-02
   5.01208520E-01   3.86257684E-02   1.49930728E-03   9.21879165E-02
   5.01329342E-01   3.68637754E-02   1.49923511E-03   8.76578013E-02
   5.01450167E-01   3.51017517E-02   1.49915108E-03   8.31277192E-02
   5.01570994E-01   3.33396904E-02   1.49905241E-03   7.85976774E-02
   5.01691824E-01   3.15775829E-02   1.49893552E-03   7.40676851E-02
   5.01812659E-01   2.98154180E-02   1.49879558E-03   6.95377546E-02
   5.01933498E-01   2.80531804E-02   1.49862589E-03   6.50079020E-02
   5.02054344E-01   2.62908497E-02   1.49841561E-03   6.04781496E-02
   5.02175199E-01   2.45283960E-02   1.49814257E-03   5.59485297E-02
   5.02296067E-01   2.27657690E-02   1.49771316E-03   5.14190972E-02
   5.02416979E-01   2.10028679E-02   1.49667559E-03   4.68899896E-02
   5.02538023E-01   1.92394015E-02   1.49291277E-03   4.23616601E-02
   5.02659611E-01   1.74750400E-02   1.47327495E-03   3.78366968E-02
   5.02785426E-01   1.57157476E-02   1.37836484E-03   3.33340754E-02
   5.02934355E-01   1.39884070E-02   9.88826317E-04   2.88987058E-02
   5.03194022E-01   1.25358724E-02   5.64871521E-05   2.50611524E-02
   5.04797722E-01   1.24913966E-02  -1.60088176E-05   2.49872943E-02
   5.06492093E-01   1.25019202E-02   4.35515605E-06   2.50022164E-02
   5.08191462E-01   1.24995934E-02  -1.19069515E-06   2.49997365E-02
   5.09891123E-01   1.25000789E-02   3.27869163E-07   2.49999790E-02
   5.11590805E-01   1.24999872E-02  -9.09098028E-08   2.50000311E-02
   5.13290489E-01   1.25000011E-02   2.53710257E-08   2.49999846E-02
   5.14990173E-01   1.25000004E-02  -7.12116633E-09   2.50000061E-02
   5.16689857E-01   1.24999997E-02   2.00211455E-09   2.49999978E-02
   5.18389541E-01   1.25000001E-02  -5.33836546E-10   2.50000007E-02
   5.20089225E-01   1.25000000E-02   6.88180071E-12   2.50000000E-02
   6.00074354E-01   1.25000000E-02  -1.84753557E-12   2.50000000E-02
   6.80059483E-01   1.25000000E-02   4.95880496E-13   2.50000000E-02
   7.60044612E-01   1.25000000E-02  -1.33022734E-13   2.50000000E-02
   8.40029742E-01   1.25000000E-02   3.55171808E-14   2.50000000E-02
   9.20014871E-01   1.25000000E-02  -8.88771570E-15   2.50000000E-02
   1.00000000E+00   1.25000000E-02  -9.81302533E-33   2.50000000E-02
t=  1.00000E-03, nstep=  30, cpu=     0.9
  -5.66289624E-29   1.00000000E-01  -2.83179757E-31   2.50000000E-01
   7.99884436E-02   1.00000000E-01  -1.09495838E-12   2.50000000E-01
   1.59976887E-01   1.00000000E-01   4.32900545E-12   2.50000000E-01
   2.39965331E-01   1.00000000E-01  -1.60232694E-11   2.50000000E-01
   3.19953774E-01   1.00000000E-01   5.90457170E-11   2.50000000E-01
   3.99942218E-01   9.99999998E-02  -2.17564627E-10   2.49999999E-01
   4.79930662E-01   1.00000001E-01   8.01846494E-10   2.50000002E-01
   4.81630415E-01   9.99999640E-02  -4.31218433E-08   2.49999874E-01
   4.83330164E-01   1.00000092E-01   1.12369523E-07   2.50000324E-01
   4.85029878E-01   9.99997770E-02  -2.78994786E-07   2.49999207E-01
   4.86729374E-01   1.00000523E-01   6.72259653E-07   2.50001905E-01
   4.88427572E-01   9.99988081E-02  -1.53531886E-06   2.49995440E-01
   4.90118277E-01   1.00002618E-01   3.16648200E-06   2.50011105E-01
   4.91768230E-01   9.99950018E-02  -5.52250670E-06   2.49973449E-01
   4.93242177E-01   1.00002110E-01   9.79152521E-06   2.50043255E-01
   4.94572196E-01   1.00045984E-01  -4.37368477E-05   2.50064140E-01
   4.95534066E-01   9.97240741E-02   2.70707203E-04   2.49188280E-01
   4.96363850E-01   9.71650791E-02   3.28708085E-03   2.40427201E-01
   4.97308152E-01   9.07090218E-02   9.11601085E-03   2.22311275E-01
   4.97765651E-01   8.63743502E-02   1.17182919E-02   2.12578183E-01
   4.98073430E-01   8.30428415E-02   1.31442030E-02   2.05150360E-01
   4.98313884E-01   8.01710448E-02   1.39523825E-02   1.98443283E-01
   4.98521855E-01   7.74868222E-02   1.43959760E-02   1.91930488E-01
   4.98713235E-01   7.48783398E-02   1.46254482E-02   1.85438121E-01
   4.98896385E-01   7.22978927E-02   1.47335009E-02   1.78918598E-01
   4.99075423E-01   6.97290300E-02   1.47754104E-02   1.72376392E-01
   4.99252468E-01   6.71658089E-02   1.47834813E-02   1.65823878E-01
   4.99428670E-01   6.46049772E-02   1.47753905E-02   1.59267871E-01
   4.99604600E-01   6.20446744E-02   1.47595334E-02   1.52711169E-01
   4.99780509E-01   5.94839564E-02   1.47391985E-02   1.46154874E-01
   4.99956504E-01   5.69223434E-02   1.47152800E-02   1.39599471E-01
   5.00132637E-01   5.43595362E-02   1.46876095E-02   1.33045261E-01
   5.00238416E-01   5.28211061E-02   1.46688995E-02   1.29113362E-01
   5.00344270E-01   5.12820409E-02   1.46485521E-02   1.25181888E-01
   5.00450215E-01   4.97422524E-02   1.46262712E-02   1.21250919E-01
   5.00556271E-01   4.82016487E-02   1.46017621E-02   1.17320533E-01
   5.00662458E-01   4.66601250E-02   1.45746655E-02   1.13390830E-01
   5.00768806E-01   4.51175603E-02   1.45445141E-02   1.09461941E-01
   5.00875357E-01   4.35738134E-02   1.45106768E-02   1.05534053E-01
   5.00982175E-01   4.20287203E-02   1.44722746E-02   1.01607436E-01
   5.01089355E-01   4.04820921E-02   1.44280569E-02   9.76824882E-02
   5.01197041E-01   3.89337126E-02   1.43762275E-02   9.37597848E-02
   5.01305451E-01   3.73833334E-02   1.43142068E-02   8.98401326E-02
   5.01414913E-01   3.58306531E-02   1.42383199E-02   8.59245795E-02
   5.01525917E-01   3.42752530E-02   1.41433828E-02   8.20143080E-02
   5.01639189E-01   3.27164440E-02   1.40221300E-02   7.81102975E-02
   5.01755811E-01   3.11529877E-02   1.38643607E-02   7.42126870E-02
   5.01877401E-01   2.95827310E-02   1.36555526E-02   7.03199941E-02
   5.02006407E-01   2.80022264E-02   1.33744538E-02   6.64284920E-02
   5.02146626E-01   2.64060104E-02   1.29885788E-02   6.25311666E-02
   5.02304276E-01   2.47840356E-02   1.24451192E-02   5.86128856E-02
   5.02490376E-01   2.31131567E-02   1.16517371E-02   5.46313273E-02
   5.02726824E-01   2.13272828E-02   1.04311666E-02   5.04269133E-02
   5.03063564E-01   1.92576967E-02   8.44713931E-03   4.54065519E-02
   5.03509040E-01   1.67518704E-02   5.32053337E-03   3.82406569E-02
   5.04162303E-01   1.36012416E-02   1.19305503E-03   2.81192503E-02
   5.04571828E-01   1.27170634E-02   2.12462424E-04   2.55487961E-02
   5.05389144E-01   1.24674890E-02  -3.40637938E-05   2.49530248E-02
   5.07037489E-01   1.25008689E-02   7.86793339E-06   2.49845517E-02
   5.08664886E-01   1.25024111E-02  -3.69888198E-06   2.50131812E-02
   5.10341757E-01   1.24983027E-02   2.10080413E-06   2.49930917E-02
   5.12035017E-01   1.25009211E-02  -1.11551162E-06   2.50032833E-02
   5.13732148E-01   1.24995427E-02   5.46594523E-07   2.49984923E-02
   5.15430095E-01   1.25002153E-02  -2.52426112E-07   2.50006754E-02
   5.17128202E-01   1.24999027E-02   1.11746889E-07   2.49997046E-02
   5.18826339E-01   1.25000415E-02  -4.67187410E-08   2.50001231E-02
   5.20524480E-01   1.24999992E-02   9.29516710E-10   2.49999975E-02
   6.00437067E-01   1.25000002E-02  -2.52516906E-10   2.50000007E-02
   6.80349654E-01   1.24999999E-02   6.85487496E-11   2.49999998E-02
   7.60262240E-01   1.25000000E-02  -1.85887547E-11   2.50000000E-02
   8.40174827E-01   1.25000000E-02   5.01400121E-12   2.50000000E-02
   9.20087413E-01   1.25000000E-02  -1.26556183E-12   2.50000000E-02
   1.00000000E+00   1.25000000E-02  -5.14223165E-31   2.50000000E-02
t=  1.00000E-02, nstep=  81, cpu=     3.3
   1.00837221E-28   9.99999998E-02   4.04152550E-29   2.49999999E-01
   7.93617368E-02   1.00000000E-01   4.06954631E-10   2.50000001E-01
   1.58723474E-01   9.99999985E-02  -1.65808128E-09   2.49999995E-01
   2.38085210E-01   1.00000006E-01   6.28255493E-09   2.50000018E-01
   3.17446942E-01   9.99999791E-02  -2.34085909E-08   2.49999931E-01
   3.96808614E-01   1.00000077E-01   8.60542258E-08   2.50000253E-01
   4.76169481E-01   9.99997229E-02  -3.12089561E-07   2.49999085E-01
   4.77810859E-01   1.00003118E-01   3.57419831E-06   2.50009681E-01
   4.79318577E-01   9.99987484E-02  -9.67895750E-07   2.49996929E-01
   4.80625290E-01   1.00005024E-01   1.19051069E-06   2.50015801E-01
   4.81666739E-01   9.99976078E-02   1.11826260E-06   2.49993082E-01
   4.82525594E-01   9.99506400E-02   6.57260450E-05   2.49825816E-01
   4.82741442E-01   9.99047260E-02   9.90794283E-05   2.49673473E-01
   4.83799146E-01   9.95832858E-02   5.10534153E-04   2.48539774E-01
   4.84083167E-01   9.93421806E-02   7.23222979E-04   2.47740538E-01
   4.85485234E-01   9.76032330E-02   2.88614036E-03   2.41654002E-01
   4.86395334E-01   9.51617048E-02   5.30411885E-03   2.33683180E-01
   4.89149909E-01   8.74228511E-02   1.40904591E-02   2.07740631E-01
   4.92696252E-01   7.36829228E-02   2.56536300E-02   1.68057786E-01
   4.94789794E-01   6.60519771E-02   3.09439816E-02   1.47520624E-01
   4.95788116E-01   6.23173534E-02   3.31294936E-02   1.38069771E-01
   4.96477151E-01   5.97392201E-02   3.44411245E-02   1.31833623E-01
   4.97025435E-01   5.77086543E-02   3.53584972E-02   1.27077961E-01
   4.97492266E-01   5.60059907E-02   3.60520550E-02   1.23182915E-01
   4.97907423E-01   5.45223008E-02   3.66011836E-02   1.19851198E-01
   4.98286952E-01   5.31979129E-02   3.70471005E-02   1.16924799E-01
   4.98640867E-01   5.19953780E-02   3.74142002E-02   1.14307548E-01
   4.98975935E-01   5.08900160E-02   3.77179387E-02   1.11937126E-01
   4.99296962E-01   4.98654654E-02   3.79688281E-02   1.09772491E-01
   4.99606731E-01   4.89131135E-02   3.81735467E-02   1.07790547E-01
   4.99908836E-01   4.80234501E-02   3.83385570E-02   1.05967913E-01
   5.00201282E-01   4.72023496E-02   3.84648076E-02   1.04314166E-01
   5.00410653E-01   4.66429915E-02   3.85367565E-02   1.03203775E-01
   5.00630058E-01   4.60834404E-02   3.85955310E-02   1.02108593E-01
   5.00863725E-01   4.55194326E-02   3.86398182E-02   1.01022629E-01
   5.01116848E-01   4.49480231E-02   3.86675322E-02   9.99447758E-02
   5.01394276E-01   4.43711354E-02   3.86740574E-02   9.88832709E-02
   5.01713813E-01   4.37723171E-02   3.86535343E-02   9.78235851E-02
   5.02067035E-01   4.31925249E-02   3.85959994E-02   9.68445402E-02
   5.02567278E-01   4.25008768E-02   3.84636989E-02   9.57913832E-02
   5.03216932E-01   4.17714822E-02   3.81871785E-02   9.48754214E-02
   5.04587053E-01   4.05621619E-02   3.74219784E-02   9.39275583E-02
   5.07046608E-01   3.76841089E-02   3.49363086E-02   9.26821448E-02
   5.08466341E-01   3.52545165E-02   3.27233357E-02   9.19203801E-02
   5.10807800E-01   2.98540671E-02   2.78646127E-02   8.97430222E-02
   5.11611379E-01   2.85598361E-02   2.67117675E-02   8.95112521E-02
   5.13861453E-01   2.73683894E-02   2.57511188E-02   8.93748087E-02
   5.15474717E-01   2.72367113E-02   2.54300227E-02   8.84857024E-02
   5.16362298E-01   2.64494490E-02   2.40844138E-02   8.55825250E-02
   5.16630615E-01   2.61011448E-02   2.32793869E-02   8.33689903E-02
   5.16826965E-01   2.55220378E-02   2.20790453E-02   8.04551457E-02
   5.16980742E-01   2.47977010E-02   2.05830843E-02   7.66610675E-02
   5.17113115E-01   2.38576479E-02   1.86476252E-02   7.18008315E-02
   5.17244940E-01   2.25170140E-02   1.59690779E-02   6.50686400E-02
   5.17648061E-01   1.66420901E-02   5.25090196E-03   3.83157250E-02
   5.17739511E-01   1.52618774E-02   3.42209368E-03   3.37096188E-02
   5.17831775E-01   1.42769522E-02   2.10961909E-03   3.04255476E-02
   5.17922911E-01   1.36059050E-02   1.26361953E-03   2.82754247E-02
   5.18019535E-01   1.31482992E-02   7.17329255E-04   2.68706437E-02
   5.18129007E-01   1.28457298E-02   3.72677652E-04   2.59760522E-02
   5.18268122E-01   1.26512849E-02   1.59645651E-04   2.54206382E-02
   5.18545135E-01   1.25104955E-02   1.12229183E-05   2.50360195E-02
   5.19986962E-01   1.24940032E-02  -4.67486160E-06   2.49809067E-02
   5.21563089E-01   1.25016061E-02   1.62428406E-06   2.50050659E-02
   5.23188404E-01   1.24995760E-02  -4.07074936E-07   2.49988625E-02
   5.24842280E-01   1.24997011E-02   4.22173738E-07   2.49992972E-02
   5.26513577E-01   1.24999146E-02   9.68286248E-08   2.49997404E-02
   6.05427814E-01   1.25000358E-02  -3.98215000E-08   2.50001063E-02
   6.84342232E-01   1.24999865E-02   1.48823223E-08   2.49999604E-02
   7.63256672E-01   1.25000048E-02  -5.22157033E-09   2.50000139E-02
   8.42171114E-01   1.24999984E-02   1.73703874E-09   2.49999953E-02
   9.21085557E-01   1.25000006E-02  -5.12892970E-10   2.50000017E-02
   1.00000000E+00   1.24999997E-02  -1.30285372E-29   2.49999991E-02
t=  1.00000E-01, nstep= 256, cpu=     9.4
   2.09223715E-28   1.00000175E-01  -4.93449136E-27   2.50000407E-01
   6.25017257E-02   9.99996926E-02  -1.97363041E-07   2.49999322E-01
   1.24999689E-01   1.00000824E-01   6.02147675E-07   2.50001648E-01
   1.87471130E-01   9.99979362E-02  -1.77807194E-06   2.49996533E-01
   2.49817594E-01   1.00004122E-01   5.86429424E-06   2.50003922E-01
   3.11919728E-01   9.99959089E-02  -2.05763470E-05   2.50012194E-01
   3.72937902E-01   9.99856010E-02   7.03860529E-05   2.49890546E-01
   3.76219361E-01   9.90533418E-02   1.07123786E-03   2.46774370E-01
   3.81071830E-01   9.75473231E-02   2.89624379E-03   2.41416851E-01
   3.89120876E-01   9.33140332E-02   7.56463990E-03   2.27256556E-01
   4.00608675E-01   8.69189685E-02   1.42988178E-02   2.06455840E-01
   4.05178461E-01   8.40896857E-02   1.68841289E-02   1.97929866E-01
   4.11293333E-01   8.07469422E-02   1.99768945E-02   1.87909091E-01
   4.15689703E-01   7.82557440E-02   2.21112857E-02   1.80512660E-01
   4.20489854E-01   7.57646819E-02   2.42492131E-02   1.73301323E-01
   4.26290663E-01   7.25880165E-02   2.65912264E-02   1.64567153E-01
   4.30806329E-01   7.03325621E-02   2.82772406E-02   1.58460790E-01
   4.36261694E-01   6.75307493E-02   3.01263984E-02   1.51077390E-01
   4.41184869E-01   6.51913189E-02   3.16536643E-02   1.45018303E-01
   4.46489176E-01   6.26150312E-02   3.30994579E-02   1.38597353E-01
   4.51305544E-01   6.04198670E-02   3.42683718E-02   1.33241748E-01
   4.55483580E-01   5.84806522E-02   3.51676571E-02   1.28646654E-01
   4.60512883E-01   5.63142921E-02   3.61402458E-02   1.23554572E-01
   4.65155608E-01   5.43195043E-02   3.69092283E-02   1.18971776E-01
   4.69990271E-01   5.23608760E-02   3.76034165E-02   1.14573845E-01
   4.74206956E-01   5.06395872E-02   3.80844040E-02   1.10820887E-01
   4.78310088E-01   4.90892473E-02   3.84977312E-02   1.07498271E-01
   4.82616905E-01   4.74837119E-02   3.88330096E-02   1.04095509E-01
   4.85778289E-01   4.64291506E-02   3.90497197E-02   1.01899233E-01
   4.89494637E-01   4.52242460E-02   3.92304091E-02   9.93979572E-02
   4.91529534E-01   4.46815905E-02   3.93186646E-02   9.83014514E-02
   4.94678870E-01   4.38625722E-02   3.93997617E-02   9.66268547E-02
   4.96283508E-01   4.35741396E-02   3.94370697E-02   9.60713028E-02
   4.99440303E-01   4.30297735E-02   3.94701923E-02   9.49583507E-02
   5.01032944E-01   4.29022159E-02   3.94886573E-02   9.47371686E-02
   5.04379380E-01   4.26554982E-02   3.94907531E-02   9.42127009E-02
   5.08489255E-01   4.26518853E-02   3.95061789E-02   9.42416031E-02
   5.14382597E-01   4.26176154E-02   3.94973202E-02   9.41004690E-02
   5.19585301E-01   4.25915587E-02   3.94823964E-02   9.41914555E-02
   5.49459362E-01   4.25938461E-02   3.95212569E-02   9.40246144E-02
   5.80857444E-01   4.23498824E-02   3.92449627E-02   9.41245018E-02
   5.84763175E-01   4.09004163E-02   3.79324744E-02   9.32976502E-02
   5.88876058E-01   3.77451421E-02   3.49728161E-02   9.22010327E-02
   5.97596035E-01   2.84953360E-02   2.64282010E-02   8.79376051E-02
   5.98718408E-01   2.79279671E-02   2.58923979E-02   8.79203842E-02
   6.06208609E-01   2.64812713E-02   2.45428064E-02   8.70671372E-02
   6.55295649E-01   2.66471340E-02   2.47396031E-02   8.74439257E-02
   6.74053967E-01   2.64740956E-02   2.44615345E-02   8.67705205E-02
   6.74276661E-01   2.64044808E-02   2.42719498E-02   8.62961267E-02
   6.74480426E-01   2.61905113E-02   2.38158045E-02   8.50879790E-02
   6.74623215E-01   2.58862893E-02   2.31415739E-02   8.33893895E-02
   6.74753183E-01   2.53917774E-02   2.20833470E-02   8.06831389E-02
   6.74870393E-01   2.46779360E-02   2.05670358E-02   7.68324361E-02
   6.74987491E-01   2.36046191E-02   1.83382912E-02   7.11821996E-02
   6.75131796E-01   2.16863137E-02   1.44990969E-02   6.14929007E-02
   6.75308156E-01   1.86383916E-02   8.85112382E-03   4.73289895E-02
   6.75397878E-01   1.70134739E-02   6.16485684E-03   4.06100683E-02
   6.75466878E-01   1.58976364E-02   4.43517906E-03   3.62855386E-02
   6.75527958E-01   1.50549130E-02   3.20605661E-03   3.32005071E-02
   6.75586076E-01   1.43968672E-02   2.29856917E-03   3.09106261E-02
   6.75644053E-01   1.38785213E-02   1.61966455E-03   2.91865223E-02
   6.75704076E-01   1.34723480E-02   1.11206673E-03   2.78883074E-02
   6.75768356E-01   1.31590266E-02   7.36553621E-04   2.69209394E-02
   6.75839738E-01   1.29233247E-02   4.64142144E-04   2.62144151E-02
   6.75922975E-01   1.27518577E-02   2.71955590E-04   2.57132983E-02
   6.76029237E-01   1.26316143E-02   1.40616602E-04   2.53702271E-02
   6.76203229E-01   1.25496409E-02   5.30446363E-05   2.51420623E-02
   7.07332671E-01   1.24785970E-02  -2.36273763E-05   2.49350667E-02
   7.64398951E-01   1.25040132E-02   4.43360798E-06   2.50148536E-02
   8.23202753E-01   1.24997903E-02   1.81981460E-07   2.49974243E-02
   8.82120275E-01   1.24999870E-02  -5.72496864E-07   2.50008507E-02
   9.41057551E-01   1.24998418E-02   2.76371297E-07   2.49992131E-02
   1.00000000E+00   1.25002129E-02   3.94747004E-27   2.50007868E-02
t=  2.00000E-01, nstep= 379, cpu=    13.6
  -6.93225006E-29   1.00005837E-01  -4.51091716E-26   2.50020267E-01
   7.61868772E-02   9.99941769E-02   1.54642024E-06   2.49979813E-01
   1.48609425E-01   1.00002035E-01  -6.84599348E-06   2.50007641E-01
   2.09895091E-01   1.00036308E-01   3.35762580E-06   2.50118966E-01
   2.27935322E-01   9.98448550E-02   1.51579702E-05   2.49690621E-01
   2.38360796E-01   9.99978755E-02   1.12046924E-04   2.49483441E-01
   2.54114701E-01   9.99480097E-02   1.18035353E-05   2.49958649E-01
   2.77274664E-01   9.45253057E-02   6.31122317E-03   2.31242038E-01
   2.96852609E-01   8.84170365E-02   1.28386351E-02   2.11234237E-01
   3.15485260E-01   8.27786075E-02   1.81499274E-02   1.93886324E-01
   3.28766514E-01   7.90726494E-02   2.15039045E-02   1.82807090E-01
   3.42702959E-01   7.51096228E-02   2.46946504E-02   1.71446833E-01
   3.53959171E-01   7.21558977E-02   2.69936885E-02   1.63290802E-01
   3.66813140E-01   6.87212975E-02   2.93469139E-02   1.54150213E-01
   3.76045201E-01   6.64793650E-02   3.08739367E-02   1.48283496E-01
   3.88269955E-01   6.33907825E-02   3.26380880E-02   1.40536127E-01
   4.00363230E-01   6.05946865E-02   3.41968485E-02   1.33653849E-01
   4.11831534E-01   5.79480391E-02   3.54403465E-02   1.27323220E-01
   4.20513312E-01   5.60738046E-02   3.62745904E-02   1.22964561E-01
   4.31024823E-01   5.37619383E-02   3.71185597E-02   1.17712852E-01
   4.43097819E-01   5.13071610E-02   3.79407624E-02   1.12241035E-01
   4.53448924E-01   4.92064013E-02   3.84579720E-02   1.07722136E-01
   4.62466093E-01   4.75431057E-02   3.88512467E-02   1.04192880E-01
   4.71097041E-01   4.59521936E-02   3.91216669E-02   1.00885299E-01
   4.77362233E-01   4.49676726E-02   3.92831388E-02   9.88544452E-02
   4.84551656E-01   4.38763475E-02   3.94059076E-02   9.66269709E-02
   4.88387741E-01   4.34744454E-02   3.94522168E-02   9.58174807E-02
   4.94105997E-01   4.29239139E-02   3.94917724E-02   9.47136751E-02
   4.97869433E-01   4.27927852E-02   3.95047204E-02   9.44631781E-02
   5.04686916E-01   4.26266016E-02   3.95140539E-02   9.41360230E-02
   5.25535339E-01   4.26327214E-02   3.95453353E-02   9.41685197E-02
   5.38193365E-01   4.26022065E-02   3.95052548E-02   9.40987472E-02
   5.53671962E-01   4.26133507E-02   3.95269048E-02   9.41266912E-02
   5.67963315E-01   4.26041309E-02   3.95009592E-02   9.40849715E-02
   6.05368257E-01   4.26265879E-02   3.95036828E-02   9.41913323E-02
   6.29491046E-01   4.25904810E-02   3.94797356E-02   9.40755811E-02
   6.53906050E-01   4.26161773E-02   3.95421730E-02   9.42040935E-02
   6.62916248E-01   4.23396286E-02   3.92558223E-02   9.39245346E-02
   6.73571649E-01   4.17300332E-02   3.87001748E-02   9.37749844E-02
   6.75464625E-01   4.09235013E-02   3.79283582E-02   9.33078306E-02
   6.79435615E-01   3.88133264E-02   3.60043994E-02   9.25530374E-02
   6.89966999E-01   3.00186784E-02   2.78242791E-02   8.86427935E-02
   6.94678371E-01   2.81130810E-02   2.60829630E-02   8.79661473E-02
   6.98504305E-01   2.67468088E-02   2.47815363E-02   8.72069384E-02
   7.22445192E-01   2.65153380E-02   2.46042568E-02   8.72612129E-02
   7.63199814E-01   2.65211405E-02   2.45722752E-02   8.70745967E-02
   8.48923701E-01   2.66327065E-02   2.47385899E-02   8.74069867E-02
   8.49308009E-01   2.65005908E-02   2.45104891E-02   8.69225729E-02
   8.49487647E-01   2.63954103E-02   2.42706205E-02   8.62749200E-02
   8.49622795E-01   2.62285129E-02   2.39004222E-02   8.53317374E-02
   8.49739580E-01   2.59787487E-02   2.33571981E-02   8.39414654E-02
   8.49842353E-01   2.56331550E-02   2.26099423E-02   8.20365226E-02
   8.49937034E-01   2.51622842E-02   2.16022994E-02   7.94712969E-02
   8.50027602E-01   2.45265476E-02   2.02591244E-02   7.60584222E-02
   8.50118867E-01   2.36542556E-02   1.84489598E-02   7.14697339E-02
   8.50220076E-01   2.23735778E-02   1.58626236E-02   6.49343572E-02
   8.50506017E-01   1.75421181E-02   6.86323646E-03   4.23592703E-02
   8.50572219E-01   1.63424298E-02   5.06641988E-03   3.78478048E-02
   8.50632114E-01   1.54275152E-02   3.72392989E-03   3.44953295E-02
   8.50687790E-01   1.47196806E-02   2.73047353E-03   3.20007258E-02
   8.50742089E-01   1.41602404E-02   1.98097481E-03   3.01062107E-02
   8.50797066E-01   1.37158082E-02   1.41153532E-03   2.86567798E-02
   8.50854521E-01   1.33650379E-02   9.80284378E-04   2.75512863E-02
   8.50916414E-01   1.30925196E-02   6.57451759E-04   2.67179970E-02
   8.50985397E-01   1.28858272E-02   4.20406677E-04   2.61023220E-02
   8.51066050E-01   1.27338398E-02   2.50839200E-04   2.56598241E-02
   8.51169328E-01   1.26256638E-02   1.32944040E-04   2.53517472E-02
   8.51338816E-01   1.25505758E-02   5.27316895E-05   2.51424495E-02
   8.68568704E-01   1.24784266E-02  -2.54046657E-05   2.49317367E-02
   9.00214181E-01   1.25050755E-02   5.97032323E-06   2.50181308E-02
   9.33289527E-01   1.24996107E-02   2.25187936E-06   2.50003534E-02
   9.66613437E-01   1.25009279E-02  -2.34377856E-06   2.49999958E-02
   1.00000000E+00   1.24983794E-02  -6.59390620E-27   2.49975960E-02
t=  2.80000E-01, nstep= 461, cpu=    16.6
  -7.51506476E-29   1.00021668E-01  -2.13828063E-25   2.50065388E-01
   8.29622860E-02   9.99785303E-02  -2.68332376E-05   2.49947014E-01
   1.27481746E-01   1.00030320E-01   3.48524736E-05   2.50020574E-01
   1.33941591E-01   9.98991796E-02   1.79673353E-04   2.49578260E-01
   1.44775976E-01   1.00121218E-01  -1.74564122E-04   2.50674037E-01
   1.56555791E-01   9.94329834E-02   5.34340791E-04   2.48201311E-01
   1.67358995E-01   9.90250071E-02   1.35549947E-03   2.46393398E-01
   1.81533474E-01   9.58820628E-02   4.71081210E-03   2.35781202E-01
   2.13454125E-01   8.90648239E-02   1.21753539E-02   2.13170029E-01
   2.48343960E-01   8.13665179E-02   1.94593765E-02   1.89602778E-01
   2.70434933E-01   7.70337262E-02   2.32520656E-02   1.76960022E-01
   2.93607722E-01   7.23608243E-02   2.68094156E-02   1.63980169E-01
   3.11517013E-01   6.91013579E-02   2.91491784E-02   1.55128860E-01
   3.31001435E-01   6.54931356E-02   3.14029651E-02   1.45768417E-01
   3.48787795E-01   6.24666592E-02   3.31874995E-02   1.38172799E-01
   3.66639728E-01   5.94429616E-02   3.47333281E-02   1.30823893E-01
   3.81209647E-01   5.71575911E-02   3.58445973E-02   1.25415389E-01
   4.00770215E-01   5.40570329E-02   3.70421058E-02   1.18348258E-01
   4.20016260E-01   5.12425828E-02   3.79888174E-02   1.12102047E-01
   4.34515270E-01   4.91165210E-02   3.84973571E-02   1.07536817E-01
   4.46549867E-01   4.75188203E-02   3.88742328E-02   1.04141013E-01
   4.62342279E-01   4.54271593E-02   3.91941091E-02   9.97901055E-02
   4.70397453E-01   4.45599825E-02   3.93363502E-02   9.80024780E-02
   4.80573722E-01   4.34606251E-02   3.94351364E-02   9.57748129E-02
   4.85261383E-01   4.31878149E-02   3.94731993E-02   9.52376645E-02
   4.93355331E-01   4.27212464E-02   3.94980849E-02   9.42998564E-02
   5.00768775E-01   4.26826498E-02   3.95189045E-02   9.42338368E-02
   5.12982061E-01   4.25987429E-02   3.95157863E-02   9.40645086E-02
   5.34809993E-01   4.26220462E-02   3.95233089E-02   9.41395589E-02
   5.49592267E-01   4.26146005E-02   3.95335086E-02   9.41149392E-02
   6.00270621E-01   4.26522941E-02   3.95286243E-02   9.42017754E-02
   6.29107187E-01   4.26017296E-02   3.94882912E-02   9.40759045E-02
   6.57616234E-01   4.26221268E-02   3.95348994E-02   9.41668707E-02
   6.77910407E-01   4.25764002E-02   3.94857217E-02   9.40650389E-02
   7.15096998E-01   4.26143178E-02   3.95102370E-02   9.41575504E-02
   7.27155301E-01   4.25572059E-02   3.94831809E-02   9.40728887E-02
   7.39766930E-01   4.22881844E-02   3.92130036E-02   9.40104324E-02
   7.42786096E-01   4.19856885E-02   3.89487644E-02   9.38157944E-02
   7.49545999E-01   4.05463665E-02   3.75958862E-02   9.32284811E-02
   7.50832171E-01   3.99867332E-02   3.70890041E-02   9.29460400E-02
   7.63960060E-01   3.09869870E-02   2.87253501E-02   8.90833872E-02
   7.68174360E-01   2.85189724E-02   2.64478870E-02   8.80208274E-02
   7.70216770E-01   2.78324872E-02   2.58005782E-02   8.77267678E-02
   7.79596378E-01   2.65493276E-02   2.46215920E-02   8.71989268E-02
   8.24981329E-01   2.65261472E-02   2.46035404E-02   8.72092018E-02
   8.94526319E-01   2.65844075E-02   2.46553853E-02   8.72025423E-02
   9.89400016E-01   2.65374376E-02   2.45888226E-02   8.71219549E-02
   9.89557887E-01   2.65107176E-02   2.44908192E-02   8.68965580E-02
   9.89751352E-01   2.63825863E-02   2.42164924E-02   8.61620658E-02
   9.89881883E-01   2.62145157E-02   2.38410837E-02   8.52142212E-02
   9.89997843E-01   2.59579021E-02   2.32847175E-02   8.37887224E-02
   9.90099390E-01   2.56076206E-02   2.25276565E-02   8.18597303E-02
   9.90193168E-01   2.51318032E-02   2.15105095E-02   7.92706299E-02
   9.90283000E-01   2.44914639E-02   2.01592278E-02   7.58376597E-02
   9.90373706E-01   2.36145208E-02   1.83419725E-02   7.12316461E-02
   9.90474664E-01   2.23265951E-02   1.57453987E-02   6.46713101E-02
   9.90740917E-01   1.78176277E-02   7.33062144E-03   4.35588564E-02
   9.90802443E-01   1.66843881E-02   5.58914511E-03   3.91881964E-02
   9.90856605E-01   1.58120367E-02   4.27758728E-03   3.59137962E-02
   9.90905921E-01   1.51240675E-02   3.28394811E-03   3.34237921E-02
   9.90952921E-01   1.45668197E-02   2.51210722E-03   3.14798811E-02
   9.90999245E-01   1.41101103E-02   1.90469533E-03   2.99416572E-02
   9.91046123E-01   1.37350849E-02   1.42470622E-03   2.87190398E-02
   9.91094648E-01   1.34286710E-02   1.04625758E-03   2.77493066E-02
   9.91145969E-01   1.31809489E-02   7.50066647E-04   2.69858708E-02
   9.91201500E-01   1.29837652E-02   5.21029386E-04   2.63922428E-02
   9.91263299E-01   1.28299097E-02   3.46778812E-04   2.59384200E-02
   9.91335037E-01   1.27125578E-02   2.16719907E-04   2.55984860E-02
   9.91425219E-01   1.26249343E-02   1.21392974E-04   2.53490268E-02
   9.91563376E-01   1.25602893E-02   5.21631355E-05   2.51679234E-02
   9.92843340E-01   1.24785907E-02  -3.52431408E-05   2.49372691E-02
   9.96435524E-01   1.25038200E-02  -7.04094146E-06   2.50149597E-02
   1.00000000E+00   1.25088041E-02   7.19843634E-28   2.50259248E-02
t=  2.84000E-01, nstep= 471, cpu=    17.1
  -1.79330914E-28   1.00023831E-01  -2.70143616E-25   2.50074104E-01
   8.30404695E-02   9.99779971E-02  -2.65444908E-05   2.49942894E-01
   1.23458605E-01   1.00015429E-01   3.51017977E-05   2.49988479E-01
   1.29731362E-01   9.99267535E-02   1.36153744E-04   2.49582786E-01
   1.40783050E-01   1.00135410E-01  -1.29867181E-04   2.50670765E-01
   1.60063561E-01   9.89574951E-02   1.07475464E-03   2.46527437E-01
   1.64245849E-01   9.87416468E-02   1.69222723E-03   2.45383206E-01
   1.80859530E-01   9.50759027E-02   5.62511366E-03   2.33094496E-01
   2.08912077E-01   8.91667523E-02   1.20701900E-02   2.13489706E-01
   2.44884974E-01   8.13308399E-02   1.94780095E-02   1.89492071E-01
   2.67792947E-01   7.69114200E-02   2.33539467E-02   1.76593171E-01
   2.90970455E-01   7.23010462E-02   2.68567014E-02   1.63826236E-01
   3.09148167E-01   6.90448763E-02   2.92032273E-02   1.54991850E-01
   3.29306965E-01   6.53665009E-02   3.14841018E-02   1.45448981E-01
   3.46560630E-01   6.24733153E-02   3.31822022E-02   1.38186793E-01
   3.65829391E-01   5.92507513E-02   3.48117765E-02   1.30366583E-01
   3.80511653E-01   5.69970880E-02   3.59055158E-02   1.25034211E-01
   3.99680170E-01   5.40036893E-02   3.70590276E-02   1.18223417E-01
   4.19537789E-01   5.11426061E-02   3.80213128E-02   1.11882497E-01
   4.35192784E-01   4.88947860E-02   3.85577564E-02   1.07062554E-01
   4.47300786E-01   4.73209568E-02   3.89207212E-02   1.03729775E-01
   4.62826153E-01   4.52982546E-02   3.92167247E-02   9.95339985E-02
   4.70974738E-01   4.44449480E-02   3.93510592E-02   9.77748209E-02
   4.80882564E-01   4.34052525E-02   3.94424236E-02   9.56635446E-02
   4.85688072E-01   4.31421341E-02   3.94764672E-02   9.51433626E-02
   4.93688668E-01   4.27057727E-02   3.94979000E-02   9.42672511E-02
   5.01532444E-01   4.26735283E-02   3.95141214E-02   9.42120491E-02
   5.13904509E-01   4.25984941E-02   3.95163783E-02   9.40611225E-02
   5.36017991E-01   4.26199675E-02   3.95188553E-02   9.41314474E-02
   5.51161280E-01   4.26151513E-02   3.95315309E-02   9.41148572E-02
   6.03964607E-01   4.26540093E-02   3.95312435E-02   9.42074690E-02
   6.34334940E-01   4.25980142E-02   3.94881208E-02   9.40683461E-02
   6.63238485E-01   4.26193102E-02   3.95331399E-02   9.41614683E-02
   6.82823186E-01   4.25785303E-02   3.94866230E-02   9.40714179E-02
   7.18282489E-01   4.26121028E-02   3.95083126E-02   9.41503545E-02
   7.30653404E-01   4.25578468E-02   3.94841685E-02   9.40733323E-02
   7.43084941E-01   4.23006980E-02   3.92251577E-02   9.40139312E-02
   7.46643007E-01   4.19532097E-02   3.89249473E-02   9.38143863E-02
   7.52904576E-01   4.06167054E-02   3.76606367E-02   9.32617424E-02
   7.54788360E-01   3.98003419E-02   3.69213558E-02   9.28789205E-02
   7.68069142E-01   3.07380279E-02   2.84913120E-02   8.89803695E-02
   7.71665576E-01   2.86654185E-02   2.65841723E-02   8.80852641E-02
   7.74224016E-01   2.77961782E-02   2.57636856E-02   8.77116769E-02
   7.83244141E-01   2.65516234E-02   2.46228850E-02   8.71922735E-02
   8.29145430E-01   2.65259345E-02   2.46029514E-02   8.72083519E-02
   9.00151318E-01   2.65852218E-02   2.46585375E-02   8.72079306E-02
   9.96359494E-01   2.65374654E-02   2.45821302E-02   8.71163946E-02
   9.96578687E-01   2.64866827E-02   2.44613391E-02   8.68027163E-02
   9.96761638E-01   2.63650791E-02   2.42008340E-02   8.61249967E-02
   9.96893797E-01   2.61947365E-02   2.38273629E-02   8.51725717E-02
   9.97009098E-01   2.59407513E-02   2.32773524E-02   8.37654053E-02
   9.97110695E-01   2.55908978E-02   2.25233309E-02   8.18425498E-02
   9.97204511E-01   2.51153024E-02   2.15079377E-02   7.92566767E-02
   9.97294383E-01   2.44744578E-02   2.01565684E-02   7.58217219E-02
   9.97385100E-01   2.35961535E-02   1.83371365E-02   7.12079231E-02
   9.97485999E-01   2.23058173E-02   1.57360685E-02   6.46331883E-02
   9.97746161E-01   1.78843243E-02   7.47507665E-03   4.38962128E-02
   9.97806008E-01   1.67715052E-02   5.75162328E-03   3.95696433E-02
   9.97858153E-01   1.59140684E-02   4.45280915E-03   3.63259025E-02
   9.97905157E-01   1.52364004E-02   3.46529639E-03   3.38515454E-02
   9.97949451E-01   1.46854757E-02   2.69410305E-03   3.19103599E-02
   9.97992554E-01   1.42313414E-02   2.08269616E-03   3.03635378E-02
   9.98035537E-01   1.38552303E-02   1.59469666E-03   2.91222079E-02
   9.98079285E-01   1.35441507E-02   1.20476395E-03   2.81247036E-02
   9.98124651E-01   1.32883502E-02   8.94157918E-04   2.73255462E-02
   9.98172584E-01   1.30800243E-02   6.48404398E-04   2.66896364E-02
   9.98224289E-01   1.29126113E-02   4.55967680E-04   2.61889453E-02
   9.98281508E-01   1.27803732E-02   3.07422827E-04   2.58004595E-02
   9.98347214E-01   1.26780688E-02   1.94837814E-04   2.55046566E-02
   9.98427895E-01   1.26005661E-02   1.11165869E-04   2.52839866E-02
   9.98543024E-01   1.25435421E-02   5.07662651E-05   2.51236200E-02
   9.99198334E-01   1.24770736E-02  -1.36234778E-05   2.49370861E-02
   1.00000000E+00   1.24761745E-02   7.77330558E-27   2.49360472E-02
t=  2.88000E-01, nstep= 551, cpu=    20.7
  -7.53504965E-28   1.00025951E-01  -2.73185973E-25   2.50082901E-01
   8.45781891E-02   9.99767317E-02  -2.74024291E-05   2.49936213E-01
   1.21790066E-01   1.00002687E-01   5.48014837E-05   2.49954437E-01
   1.27337565E-01   9.99403679E-02   4.72152013E-05   2.49611837E-01
   1.37280108E-01   1.00144843E-01  -5.53049356E-05   2.50586740E-01
   1.54210561E-01   9.90100153E-02   9.76921886E-04   2.46851029E-01
   1.61574053E-01   9.83334907E-02   2.08238132E-03   2.44021434E-01
   1.78345315E-01   9.46723638E-02   6.09745968E-03   2.31749678E-01
   2.04482377E-01   8.92488126E-02   1.19989678E-02   2.13741034E-01
   2.41459458E-01   8.12880823E-02   1.95016855E-02   1.89363503E-01
   2.65276366E-01   7.67663142E-02   2.34707073E-02   1.76162143E-01
   2.88505368E-01   7.22094467E-02   2.69233559E-02   1.63578806E-01
   3.07134309E-01   6.89264588E-02   2.92969401E-02   1.54690257E-01
   3.27804227E-01   6.52106626E-02   3.15847677E-02   1.45060395E-01
   3.44527904E-01   6.24515153E-02   3.31987732E-02   1.38129843E-01
   3.65071728E-01   5.90566254E-02   3.48933288E-02   1.29906899E-01
   3.80173689E-01   5.67847786E-02   3.59857580E-02   1.24534726E-01
   3.98625969E-01   5.39457344E-02   3.70748216E-02   1.18086957E-01
   4.18696535E-01   5.10964483E-02   3.80360923E-02   1.11779575E-01
   4.35693751E-01   4.87027849E-02   3.86088829E-02   1.06651522E-01
   4.48127812E-01   4.71196084E-02   3.89658172E-02   1.03310590E-01
   4.63217099E-01   4.51864516E-02   3.92383298E-02   9.93133974E-02
   4.71398010E-01   4.43503128E-02   3.93636244E-02   9.75908562E-02
   4.81067845E-01   4.33639228E-02   3.94502746E-02   9.55844231E-02
   4.85945872E-01   4.31090699E-02   3.94800062E-02   9.50758263E-02
   4.93883905E-01   4.26974942E-02   3.95002022E-02   9.42502318E-02
   5.01949786E-01   4.26666482E-02   3.95089879E-02   9.41953175E-02
   5.14399629E-01   4.25987041E-02   3.95163781E-02   9.40580749E-02
   5.36892531E-01   4.26181300E-02   3.95151464E-02   9.41239429E-02
   5.52478806E-01   4.26152024E-02   3.95286174E-02   9.41130092E-02
   6.07592845E-01   4.26553048E-02   3.95338660E-02   9.42122192E-02
   6.39486442E-01   4.25943931E-02   3.94882551E-02   9.40613280E-02
   6.68786298E-01   4.26173353E-02   3.95309948E-02   9.41573916E-02
   6.87707285E-01   4.25807538E-02   3.94878120E-02   9.40783377E-02
   7.21500363E-01   4.26096976E-02   3.95064632E-02   9.41424070E-02
   7.34175224E-01   4.25576246E-02   3.94843248E-02   9.40745190E-02
   7.46328520E-01   4.23164271E-02   3.92396186E-02   9.40137499E-02
   7.50605215E-01   4.19036702E-02   3.88822804E-02   9.38022880E-02
   7.56269351E-01   4.06917352E-02   3.77308075E-02   9.33009406E-02
   7.58747331E-01   3.96178834E-02   3.67555022E-02   9.28110237E-02
   7.72187426E-01   3.04847119E-02   2.82548722E-02   8.88810017E-02
   7.75159555E-01   2.88015123E-02   2.67112641E-02   8.81452663E-02
   7.78214218E-01   2.77604726E-02   2.57290822E-02   8.77016071E-02
   7.86886599E-01   2.65547104E-02   2.46249244E-02   8.71844833E-02
   8.32275655E-01   2.65244716E-02   2.46012738E-02   8.72072303E-02
   9.02756123E-01   2.65857343E-02   2.46602766E-02   8.72119258E-02
   9.96241051E-01   2.65417599E-02   2.45871889E-02   8.71290010E-02
   9.96420796E-01   2.66133666E-02   2.45632702E-02   8.73591206E-02
   9.96530897E-01   2.67230209E-02   2.45249615E-02   8.77152382E-02
   9.96615204E-01   2.68804642E-02   2.44673556E-02   8.82324138E-02
   9.96685226E-01   2.70948478E-02   2.43851087E-02   8.89433054E-02
   9.96746459E-01   2.73772520E-02   2.42705564E-02   8.98894039E-02
   9.96802293E-01   2.77432122E-02   2.41120471E-02   9.11305284E-02
   9.96855182E-01   2.82157687E-02   2.38913603E-02   9.27571538E-02
   9.96907208E-01   2.88302437E-02   2.35789079E-02   9.49110056E-02
   9.96960842E-01   2.96487681E-02   2.31207072E-02   9.78453034E-02
   9.97018702E-01   3.07682732E-02   2.24217825E-02   1.01974189E-01
   9.97083109E-01   3.23118756E-02   2.13326122E-02   1.07876223E-01
   9.97160506E-01   3.45310559E-02   1.95342944E-02   1.16768581E-01
   9.97254437E-01   3.75409962E-02   1.66970380E-02   1.29568564E-01
   9.97353100E-01   4.07015008E-02   1.32858852E-02   1.43859909E-01
   9.97444134E-01   4.33077396E-02   1.01842438E-02   1.56243960E-01
   9.97527477E-01   4.52859504E-02   7.67248734E-03   1.65983443E-01
   9.97607220E-01   4.67850238E-02   5.68390894E-03   1.73552772E-01
   9.97686679E-01   4.79270346E-02   4.12141144E-03   1.79427082E-01
   9.97768903E-01   4.87994368E-02   2.90025287E-03   1.83978474E-01
   9.97856964E-01   4.94614460E-02   1.95714015E-03   1.87471902E-01
   9.97954126E-01   4.99525836E-02   1.24669456E-03   1.90090605E-01
   9.98066702E-01   5.03084613E-02   7.25321521E-04   1.92011563E-01
   9.98196345E-01   5.05383701E-02   3.77086050E-04   1.93277401E-01
   9.98386844E-01   5.06946489E-02   1.34455379E-04   1.94180257E-01
   9.98461544E-01   5.07102309E-02   6.84385249E-05   1.94268007E-01
   1.00000000E+00   5.06884574E-02   9.41518293E-25   1.94799012E-01
t=  2.92000E-01, nstep= 566, cpu=    21.3
  -9.94856606E-28   1.00028710E-01   6.24664196E-26   2.50092973E-01
   8.90581605E-02   9.99721077E-02  -2.28355399E-05   2.49920518E-01
   1.26040334E-01   1.00001572E-01   7.19427726E-05   2.49921422E-01
   1.30370250E-01   1.00009562E-01  -1.29776605E-04   2.49882445E-01
   1.34877418E-01   1.00082327E-01   6.41955658E-05   2.50249548E-01
   1.48435538E-01   9.90916580E-02   9.17492388E-04   2.47221758E-01
   1.57735863E-01   9.81564757E-02   2.22165039E-03   2.43485882E-01
   1.74612349E-01   9.45236436E-02   6.26176458E-03   2.31257765E-01
   2.00039254E-01   8.93363663E-02   1.19365697E-02   2.14006030E-01
   2.38106115E-01   8.12330316E-02   1.95387508E-02   1.89199602E-01
   2.62831990E-01   7.66095282E-02   2.35936871E-02   1.75700432E-01
   2.86218471E-01   7.20866605E-02   2.70099835E-02   1.63240308E-01
   3.05536287E-01   6.87374059E-02   2.94337374E-02   1.54200304E-01
   3.26481178E-01   6.50283548E-02   3.17014866E-02   1.44608806E-01
   3.42785352E-01   6.23862751E-02   3.32437196E-02   1.37966294E-01
   3.64270918E-01   5.88768861E-02   3.49710168E-02   1.29483960E-01
   3.80023034E-01   5.65493196E-02   3.60742931E-02   1.23984423E-01
   3.97660611E-01   5.38755018E-02   3.70923814E-02   1.17921716E-01
   4.17607845E-01   5.10857715E-02   3.80387663E-02   1.11752541E-01
   4.35963392E-01   4.85461265E-02   3.86495724E-02   1.06315938E-01
   4.48871606E-01   4.69344938E-02   3.90051759E-02   1.02924144E-01
   4.63452314E-01   4.50980619E-02   3.92579862E-02   9.91402167E-02
   4.71580976E-01   4.42834860E-02   3.93730287E-02   9.74643975E-02
   4.81065947E-01   4.33402077E-02   3.94580221E-02   9.55446410E-02
   4.85954100E-01   4.30908043E-02   3.94833860E-02   9.50408473E-02
   4.93877215E-01   4.26971896E-02   3.95051028E-02   9.42502259E-02
   5.02027047E-01   4.26620158E-02   3.95054428E-02   9.41849638E-02
   5.14554512E-01   4.25989540E-02   3.95154201E-02   9.40546621E-02
   5.37562038E-01   4.26166792E-02   3.95123819E-02   9.41173813E-02
   5.53661162E-01   4.26149018E-02   3.95250079E-02   9.41098534E-02
   6.11200970E-01   4.26561489E-02   3.95363323E-02   9.42158646E-02
   6.44511765E-01   4.25910630E-02   3.94886889E-02   9.40552293E-02
   6.74159861E-01   4.26161653E-02   3.95284550E-02   9.41544346E-02
   6.92479681E-01   4.25829131E-02   3.94893944E-02   9.40855184E-02
   7.24797329E-01   4.26071882E-02   3.95046975E-02   9.41338543E-02
   7.37792620E-01   4.25560476E-02   3.94832729E-02   9.40757110E-02
   7.49580014E-01   4.23329408E-02   3.92545467E-02   9.40132930E-02
   7.54611899E-01   4.18486306E-02   3.88310660E-02   9.37829104E-02
   7.59676475E-01   4.07589383E-02   3.77942703E-02   9.33364021E-02
   7.62681436E-01   3.94560724E-02   3.66071018E-02   9.27506581E-02
   7.76248555E-01   3.02701842E-02   2.80562721E-02   8.88011387E-02
   7.78655627E-01   2.89286499E-02   2.68300985E-02   8.82021732E-02
   7.82156546E-01   2.77316340E-02   2.57027370E-02   8.76986036E-02
   7.90537323E-01   2.65580487E-02   2.46276174E-02   8.71764694E-02
   8.34811305E-01   2.65225308E-02   2.45984815E-02   8.72057962E-02
   9.03512167E-01   2.65850748E-02   2.46618866E-02   8.72135536E-02
   9.92200766E-01   2.65505016E-02   2.45954018E-02   8.71540671E-02
   9.92387928E-01   2.66345704E-02   2.45674358E-02   8.74235494E-02
   9.92503785E-01   2.67681423E-02   2.45204097E-02   8.78580607E-02
   9.92592886E-01   2.69650870E-02   2.44473390E-02   8.85067308E-02
   9.92667400E-01   2.72398325E-02   2.43394704E-02   8.94215144E-02
   9.92732821E-01   2.76078008E-02   2.41848082E-02   9.06621727E-02
   9.92792262E-01   2.80859137E-02   2.39672427E-02   9.22990294E-02
   9.92847826E-01   2.86936920E-02   2.36650981E-02   9.44184250E-02
   9.92901237E-01   2.94560972E-02   2.32481545E-02   9.71355014E-02
   9.92954274E-01   3.04100349E-02   2.26711188E-02   1.00622840E-01
   9.93009189E-01   3.16166968E-02   2.18597622E-02   1.05167298E-01
   9.93069400E-01   3.31857105E-02   2.06803764E-02   1.11287672E-01
   9.93142664E-01   3.53751522E-02   1.88232811E-02   1.20205350E-01
   9.93251008E-01   3.88558748E-02   1.53976480E-02   1.35279605E-01
   9.93383778E-01   4.28036235E-02   1.08651983E-02   1.53677397E-01
   9.93480937E-01   4.51455991E-02   7.92295899E-03   1.65131489E-01
   9.93564789E-01   4.67206889E-02   5.84508490E-03   1.73052828E-01
   9.93645116E-01   4.78715157E-02   4.27844522E-03   1.78949145E-01
   9.93726476E-01   4.87381781E-02   3.07233279E-03   1.83449439E-01
   9.93811851E-01   4.93935417E-02   2.14536105E-03   1.86886906E-01
   9.93904203E-01   4.98850458E-02   1.44187889E-03   1.89485332E-01
   9.94005566E-01   5.02414157E-02   9.25663031E-04   1.91382143E-01
   9.94124341E-01   5.05007196E-02   5.49586677E-04   1.92772881E-01
   9.94258363E-01   5.06672338E-02   3.01276568E-04   1.93666968E-01
   9.94467963E-01   5.07901058E-02   1.17494221E-04   1.94371342E-01
   9.94717102E-01   5.08715019E-02   2.59975437E-05   1.94664781E-01
   1.00000000E+00   5.07463613E-02   2.39612250E-25   1.94770388E-01
t=  2.96000E-01, nstep= 576, cpu=    21.6
  -1.39793221E-27   1.00032243E-01  -4.65953886E-25   2.50108513E-01
   9.53365058E-02   9.99634294E-02  -2.05519858E-05   2.49885308E-01
   1.23526988E-01   1.00017059E-01   1.00020132E-04   2.49981758E-01
   1.26174408E-01   1.00094421E-01  -1.81759031E-04   2.50204302E-01
   1.36627769E-01   9.97115133E-02   4.08608047E-04   2.48909710E-01
   1.43392887E-01   9.91227287E-02   9.25792373E-04   2.47390759E-01
   1.53476972E-01   9.80719200E-02   2.30389549E-03   2.43272451E-01
   1.71309604E-01   9.42800441E-02   6.50513338E-03   2.30457943E-01
   1.95970489E-01   8.93465988E-02   1.19557182E-02   2.14022709E-01
   2.34850598E-01   8.11621671E-02   1.95950581E-02   1.88992233E-01
   2.60372340E-01   7.64586758E-02   2.37095850E-02   1.75258372E-01
   2.84051058E-01   7.19451301E-02   2.71084941E-02   1.62846212E-01
   3.04280542E-01   6.84929648E-02   2.96020620E-02   1.53562727E-01
   3.25309895E-01   6.48252270E-02   3.18295814E-02   1.44106929E-01
   3.41461561E-01   6.22578071E-02   3.33252285E-02   1.37648626E-01
   3.63407377E-01   5.87145659E-02   3.50438039E-02   1.29104768E-01
   3.79955817E-01   5.63076428E-02   3.61654512E-02   1.23423317E-01
   3.96865521E-01   5.37817887E-02   3.71161284E-02   1.17703280E-01
   4.16394895E-01   5.10922724E-02   3.80345943E-02   1.11760870E-01
   4.35961795E-01   4.84283849E-02   3.86793237E-02   1.06063628E-01
   4.49346556E-01   4.67872642E-02   3.90346974E-02   1.02615115E-01
   4.63449333E-01   4.50410152E-02   3.92742929E-02   9.90293814E-02
   4.71468470E-01   4.42482835E-02   3.93790799E-02   9.74020692E-02
   4.80841523E-01   4.33352576E-02   3.94645607E-02   9.55450071E-02
   4.85716246E-01   4.30851608E-02   3.94866650E-02   9.50356780E-02
   4.93674725E-01   4.27033293E-02   3.95115560E-02   9.42639934E-02
   5.01931718E-01   4.26594997E-02   3.95054519E-02   9.41815564E-02
   5.14615001E-01   4.25990211E-02   3.95138970E-02   9.40512785E-02
   5.38240334E-01   4.26157209E-02   3.95104198E-02   9.41119407E-02
   5.54888518E-01   4.26144420E-02   3.95210284E-02   9.41059834E-02
   6.14833975E-01   4.26565378E-02   3.95385142E-02   9.42183368E-02
   6.49354461E-01   4.25881788E-02   3.94894347E-02   9.40503471E-02
   6.79246680E-01   4.26156595E-02   3.95255060E-02   9.41521598E-02
   6.97044798E-01   4.25848599E-02   3.94914296E-02   9.40925952E-02
   7.28183673E-01   4.26046698E-02   3.95030780E-02   9.41251317E-02
   7.41527388E-01   4.25532602E-02   3.94808970E-02   9.40761824E-02
   7.52878187E-01   4.23488211E-02   3.92689215E-02   9.40149797E-02
   7.58602786E-01   4.17976383E-02   3.87814775E-02   9.37615729E-02
   7.63135785E-01   4.08133548E-02   3.78454468E-02   9.33626448E-02
   7.66587284E-01   3.93153714E-02   3.64765445E-02   9.26969744E-02
   7.80194899E-01   3.01316306E-02   2.79300650E-02   8.87553793E-02
   7.82177951E-01   2.90386991E-02   2.69327609E-02   8.82527017E-02
   7.86032796E-01   2.77140674E-02   2.56888560E-02   8.77027397E-02
   7.94211395E-01   2.65610942E-02   2.46304336E-02   8.71698470E-02
   8.37358742E-01   2.65205991E-02   2.45953746E-02   8.72034346E-02
   9.04180779E-01   2.65840313E-02   2.46631110E-02   8.72142671E-02
   9.88164317E-01   2.65591374E-02   2.46031524E-02   8.71790093E-02
   9.88352587E-01   2.66458883E-02   2.45743261E-02   8.74568935E-02
   9.88469239E-01   2.67845591E-02   2.45254186E-02   8.79081269E-02
   9.88558979E-01   2.69899058E-02   2.44489969E-02   8.85848290E-02
   9.88634069E-01   2.72773252E-02   2.43355909E-02   8.95426290E-02
   9.88700066E-01   2.76633999E-02   2.41721037E-02   9.08460940E-02
   9.88760139E-01   2.81665216E-02   2.39407997E-02   9.25720343E-02
   9.88816435E-01   2.88080245E-02   2.36176608E-02   9.48153893E-02
   9.88870691E-01   2.96145788E-02   2.31694267E-02   9.77008487E-02
   9.88924624E-01   3.06232127E-02   2.25478305E-02   1.01406413E-01
   9.88980403E-01   3.18930292E-02   2.16764512E-02   1.06217537E-01
   9.89041616E-01   3.35360050E-02   2.04154813E-02   1.12670222E-01
   9.89116836E-01   3.58337547E-02   1.84307755E-02   1.22095554E-01
   9.89244561E-01   3.99238342E-02   1.42523110E-02   1.40107729E-01
   9.89376252E-01   4.36658946E-02   9.82048479E-03   1.57830446E-01
   9.89463777E-01   4.56384892E-02   7.29964934E-03   1.67570858E-01
   9.89541244E-01   4.70099428E-02   5.47441446E-03   1.74503536E-01
   9.89616547E-01   4.80392699E-02   4.06665976E-03   1.79791842E-01
   9.89693377E-01   4.88313574E-02   2.96180452E-03   1.83910390E-01
   9.89774438E-01   4.94433283E-02   2.09547709E-03   1.87121693E-01
   9.89862541E-01   4.99124921E-02   1.42386106E-03   1.89601565E-01
   9.89960692E-01   5.02635894E-02   9.16098960E-04   1.91469031E-01
   9.90076024E-01   5.05227514E-02   5.39445617E-04   1.92857208E-01
   9.90211626E-01   5.06952893E-02   2.82543734E-04   1.93793269E-01
   9.90419766E-01   5.08355259E-02   9.71493242E-05   1.94488590E-01
   9.90507281E-01   5.08700926E-02   4.69567154E-05   1.94570773E-01
   1.00000000E+00   5.08089156E-02   6.52085168E-25   1.94914172E-01
t=  3.00000E-01, nstep= 588, cpu=    22.3
  -2.58962060E-28   1.00035555E-01  -3.37524027E-25   2.50120909E-01
   9.93840824E-02   9.99562793E-02  -1.94446063E-05   2.49859339E-01
   1.16503277E-01   9.99917133E-02   1.17995996E-04   2.49899198E-01
   1.19928048E-01   1.00134863E-01  -1.03243194E-04   2.50477505E-01
   1.32362381E-01   9.97260299E-02   3.77616302E-04   2.48773873E-01
   1.39135593E-01   9.90784422E-02   9.39298620E-04   2.47161311E-01
   1.49392948E-01   9.79650240E-02   2.44780586E-03   2.42982018E-01
   1.69200871E-01   9.37963846E-02   7.01131212E-03   2.28857817E-01
   1.92966488E-01   8.91400169E-02   1.21869611E-02   2.13352298E-01
   2.31682687E-01   8.10775431E-02   1.96670249E-02   1.88751117E-01
   2.57810074E-01   7.63306881E-02   2.38069143E-02   1.74883782E-01
   2.81929211E-01   7.17992622E-02   2.72090010E-02   1.62437388E-01
   3.03168801E-01   6.82289386E-02   2.97775730E-02   1.52872670E-01
   3.24222580E-01   6.46136420E-02   3.19611596E-02   1.43584144E-01
   3.40655803E-01   6.20518617E-02   3.34480415E-02   1.37142978E-01
   3.62510047E-01   5.85647389E-02   3.51140045E-02   1.28756969E-01
   3.79967340E-01   5.60613475E-02   3.62598298E-02   1.22855549E-01
   3.96338990E-01   5.36518851E-02   3.71514229E-02   1.17404567E-01
   4.15186509E-01   5.10979244E-02   3.80286502E-02   1.11764948E-01
   4.35669828E-01   4.83504101E-02   3.86982149E-02   1.05896296E-01
   4.49427641E-01   4.66908943E-02   3.90524327E-02   1.02410601E-01
   4.63170280E-01   4.50174328E-02   3.92858636E-02   9.89834759E-02
   4.71096239E-01   4.42397614E-02   3.93830729E-02   9.73930446E-02
   4.80454543E-01   4.33431265E-02   3.94691793E-02   9.55708177E-02
   4.85341995E-01   4.30857100E-02   3.94901073E-02   9.50474781E-02
   4.93381164E-01   4.27115971E-02   3.95180259E-02   9.42834222E-02
   5.01865021E-01   4.26586979E-02   3.95095323E-02   9.41839753E-02
   5.14854858E-01   4.25990383E-02   3.95128498E-02   9.40492423E-02
   5.39142836E-01   4.26153117E-02   3.95089951E-02   9.41078173E-02
   5.56339364E-01   4.26139781E-02   3.95169640E-02   9.41018949E-02
   6.18516600E-01   4.26565013E-02   3.95403491E-02   9.42196767E-02
   6.53949613E-01   4.25858580E-02   3.94905330E-02   9.40469258E-02
   6.83924111E-01   4.26156042E-02   3.95221284E-02   9.41499485E-02
   7.01295782E-01   4.25864675E-02   3.94938887E-02   9.40991635E-02
   7.31618458E-01   4.26022863E-02   3.95017162E-02   9.41169197E-02
   7.45344675E-01   4.25499347E-02   3.94774838E-02   9.40757693E-02
   7.56231612E-01   4.23634832E-02   3.92823105E-02   9.40192463E-02
   7.62552461E-01   4.17539928E-02   3.87380747E-02   9.37416776E-02
   7.66645070E-01   4.08542369E-02   3.78833098E-02   9.33799290E-02
   7.70461076E-01   3.91963679E-02   3.63644510E-02   9.26484993E-02
   7.84008030E-01   3.00805219E-02   2.78864087E-02   8.87471215E-02
   7.85780426E-01   2.91129079E-02   2.70021499E-02   8.82885683E-02
   7.89838769E-01   2.77096427E-02   2.56888763E-02   8.77131224E-02
   7.97918541E-01   2.65637530E-02   2.46333380E-02   8.71659148E-02
   8.39942810E-01   2.65187276E-02   2.45920488E-02   8.72000729E-02
   9.04765466E-01   2.65825707E-02   2.46638716E-02   8.72139911E-02
   9.84126684E-01   2.65675799E-02   2.46104032E-02   8.72035368E-02
   9.84316070E-01   2.66571498E-02   2.45806718E-02   8.74902431E-02
   9.84433530E-01   2.68012202E-02   2.45297615E-02   8.79591961E-02
   9.84523928E-01   2.70155247E-02   2.44497449E-02   8.86658141E-02
   9.84599619E-01   2.73165118E-02   2.43303573E-02   8.96697390E-02
   9.84666217E-01   2.77219601E-02   2.41573102E-02   9.10405738E-02
   9.84726935E-01   2.82516811E-02   2.39111587E-02   9.28616053E-02
   9.84783978E-01   2.89289005E-02   2.35653664E-02   9.52368582E-02
   9.84839160E-01   2.97831092E-02   2.30828089E-02   9.83048695E-02
   9.84894318E-01   3.08558202E-02   2.24090301E-02   1.02265892E-01
   9.84951825E-01   3.22139269E-02   2.14569445E-02   1.07443976E-01
   9.85015799E-01   3.39880767E-02   2.00633453E-02   1.14463101E-01
   9.85096495E-01   3.65221494E-02   1.78341913E-02   1.24932463E-01
   9.85260356E-01   4.16313497E-02   1.23062951E-02   1.48046405E-01
   9.85373487E-01   4.45803624E-02   8.68528556E-03   1.62286811E-01
   9.85457265E-01   4.62864624E-02   6.46309469E-03   1.70803376E-01
   9.85535246E-01   4.75170939E-02   4.80385336E-03   1.77072132E-01
   9.85613502E-01   4.84526931E-02   3.51168268E-03   1.81907530E-01
   9.85695547E-01   4.91735119E-02   2.49846355E-03   1.85673733E-01
   9.85784449E-01   4.97251340E-02   1.71202441E-03   1.88580496E-01
   9.85884459E-01   5.01416857E-02   1.11402751E-03   1.90791387E-01
   9.85997290E-01   5.04346183E-02   6.83241412E-04   1.92356411E-01
   9.86145958E-01   5.06525653E-02   3.71011294E-04   1.93538159E-01
   9.86298598E-01   5.07583185E-02   2.00646498E-04   1.94111088E-01
   9.86761654E-01   5.08757687E-02   5.37352836E-05   1.94720283E-01
   9.87938217E-01   5.08779315E-02   3.31314524E-05   1.94629341E-01
   1.00000000E+00   5.08360435E-02   5.03630885E-25   1.94968871E-01
t=  4.00000E-01, nstep= 709, cpu=    27.1
   1.38026465E-26   1.00062790E-01   1.21230327E-25   2.50288697E-01
   2.66882952E-03   1.00100762E-01   3.76051338E-06   2.50247068E-01
   6.75940845E-03   9.97894548E-02   1.49348948E-04   2.49376289E-01
   1.17835484E-02   9.96184863E-02   3.28253887E-04   2.48459303E-01
   2.40824319E-02   9.90466303E-02   1.08749462E-03   2.46711335E-01
   3.70801054E-02   9.74289770E-02   2.98433040E-03   2.41070823E-01
   7.09147812E-02   9.21432715E-02   8.98184645E-03   2.23377949E-01
   1.11368598E-01   8.58816337E-02   1.52526933E-02   2.03218610E-01
   1.33438725E-01   8.26412821E-02   1.83473457E-02   1.93367548E-01
   1.54818433E-01   7.92246877E-02   2.12503347E-02   1.83412246E-01
   1.92074392E-01   7.42421129E-02   2.54626481E-02   1.68994248E-01
   2.24211372E-01   6.98117816E-02   2.86454043E-02   1.56987728E-01
   2.53275018E-01   6.61848278E-02   3.10616575E-02   1.47522323E-01
   2.83181660E-01   6.24331799E-02   3.32215480E-02   1.38123751E-01
   3.14041354E-01   5.89086232E-02   3.50488766E-02   1.29553594E-01
   3.36891208E-01   5.62384046E-02   3.61567662E-02   1.23368513E-01
   3.62930593E-01   5.34971141E-02   3.72264360E-02   1.17093618E-01
   3.86500538E-01   5.09898389E-02   3.79805915E-02   1.11533256E-01
   4.07823117E-01   4.89238592E-02   3.85689111E-02   1.07080430E-01
   4.34210442E-01   4.63754875E-02   3.90712765E-02   1.01740705E-01
   4.49251424E-01   4.51187301E-02   3.92967283E-02   9.91542666E-02
   4.65248141E-01   4.37972032E-02   3.94622730E-02   9.64522401E-02
   4.71770304E-01   4.34310776E-02   3.94966532E-02   9.57292031E-02
   4.82565104E-01   4.28637385E-02   3.95464324E-02   9.45822828E-02
   4.89921569E-01   4.27487634E-02   3.95422077E-02   9.43713657E-02
   5.00532205E-01   4.26228668E-02   3.95485841E-02   9.41128171E-02
   5.25284562E-01   4.26285359E-02   3.95215989E-02   9.41205045E-02
   5.56623462E-01   4.26042382E-02   3.94950878E-02   9.40630098E-02
   6.05200204E-01   4.26527723E-02   3.95339689E-02   9.41843056E-02
   6.26319464E-01   4.26273781E-02   3.95400933E-02   9.41610045E-02
   6.70073765E-01   4.26368472E-02   3.95339800E-02   9.41543142E-02
   6.95663104E-01   4.25852911E-02   3.94994414E-02   9.40505634E-02
   7.25549917E-01   4.26268165E-02   3.95006883E-02   9.41102521E-02
   7.50016159E-01   4.25910864E-02   3.95202901E-02   9.41039832E-02
   8.03987409E-01   4.26105114E-02   3.95140787E-02   9.41322324E-02
   8.37891495E-01   4.25433184E-02   3.94585095E-02   9.40562549E-02
   8.47082787E-01   4.24005827E-02   3.93145131E-02   9.40252744E-02
   8.56188553E-01   4.13101353E-02   3.83247932E-02   9.35346605E-02
   8.58523932E-01   4.06884810E-02   3.77341885E-02   9.32880329E-02
   8.64109826E-01   3.82121019E-02   3.54555390E-02   9.21999303E-02
   8.77056001E-01   3.03207984E-02   2.81319520E-02   8.88013504E-02
   8.78926645E-01   2.94024459E-02   2.73022402E-02   8.83596708E-02
   8.82838283E-01   2.81137482E-02   2.61035492E-02   8.78065308E-02
   8.83275449E-01   2.80505075E-02   2.59590178E-02   8.79647150E-02
   8.83401312E-01   2.80960617E-02   2.59003572E-02   8.81989312E-02
   8.83493993E-01   2.81934942E-02   2.58363798E-02   8.85706186E-02
   8.83570730E-01   2.83498148E-02   2.57564937E-02   8.91182087E-02
   8.83637443E-01   2.85751918E-02   2.56522780E-02   8.98818979E-02
   8.83697232E-01   2.88808703E-02   2.55141624E-02   9.09060363E-02
   8.83752168E-01   2.92799195E-02   2.53299358E-02   9.22435949E-02
   8.83803777E-01   2.97878351E-02   2.50835696E-02   9.39597106E-02
   8.83853301E-01   3.04234552E-02   2.47536585E-02   9.61367727E-02
   8.83901882E-01   3.12108148E-02   2.43109003E-02   9.88836260E-02
   8.83950753E-01   3.21828674E-02   2.37135377E-02   1.02353117E-01
   8.84001515E-01   3.33894921E-02   2.28979639E-02   1.06778944E-01
   8.84056743E-01   3.49176981E-02   2.17555486E-02   1.12567258E-01
   8.84122029E-01   3.69602130E-02   2.00549216E-02   1.20603507E-01
   8.84215178E-01   4.01261043E-02   1.71035552E-02   1.33657924E-01
   8.84403710E-01   4.58196546E-02   1.05047834E-02   1.59773538E-01
   8.84503126E-01   4.80617269E-02   7.60264682E-03   1.70742350E-01
   8.84593711E-01   4.95769783E-02   5.52659151E-03   1.78436618E-01
   8.84684919E-01   5.06660414E-02   3.96274309E-03   1.84157442E-01
   8.84781908E-01   5.14487633E-02   2.77995667E-03   1.88430408E-01
   8.84891272E-01   5.20016893E-02   1.89621980E-03   1.91617031E-01
   8.85012303E-01   5.23336171E-02   1.27901222E-03   1.93736452E-01
   8.85184247E-01   5.25302663E-02   8.31401347E-04   1.95372449E-01
   8.85349879E-01   5.25778783E-02   6.03137425E-04   1.95989764E-01
   8.85878216E-01   5.21989037E-02   4.17842376E-04   1.96557970E-01
   8.88811635E-01   5.13019483E-02   1.94363535E-04   1.95807133E-01
   8.97266136E-01   5.08795014E-02   1.20604300E-05   1.95143110E-01
   9.47508100E-01   5.09805799E-02  -4.35423146E-05   1.94995351E-01
   9.65428775E-01   5.09492184E-02   1.07206124E-05   1.94933822E-01
   1.00000000E+00   5.09206236E-02   2.28038289E-25   1.95158853E-01
