'nseg'  40
'niseg' 40*1
'yseg' 0.00000E+00  0.00000E+00
 1.9566401290415E-2,  2.5E-2
 3.8723422689506E-2,  5.E-2
 5.707131816675E-2,  7.5E-2
 7.4229374947994E-2,  0.1
 8.9844849736909E-2,  0.125
 0.1036012244244,  0.15
 0.1152255806546,  0.175
 0.1244949142441,  0.2
 0.131241236476,  0.225
 0.1353553390593,  0.25
 0.1367891323395,  0.275
 0.1355565013482,  0.3
 0.1317326606365,  0.325
 0.1254520256469,  0.35
 0.1169046547442,  0.375
 0.106331351044,  0.4
 9.401754599384E-2,  0.425
 8.0286116467252E-2,  0.45
 6.5489313190681E-2,  0.475
 5.0000000000003E-2,  0.5
 3.4202420182635E-2,  0.525
 1.8482717592264E-2,  0.55
 3.2194460459307E-3,  0.575
 -1.1225699414488E-2,  0.6
 -2.4516701493088E-2,  0.625
 -3.6351373228075E-2,  0.65
 -4.6468644201131E-2,  0.675
 -5.4654801910766E-2,  0.7
 -6.0748535779511E-2,  0.725
 -6.4644660940672E-2,  0.75
 -6.6296431643004E-2,  0.775
 -6.5716389014892E-2,  0.8
 -6.297572418304E-2,  0.825
 -5.8202174450519E-2,  0.85
 -5.1576506500403E-2,  0.875
 -4.3327675510502E-2,  0.9
 -3.3726781781162E-2,  0.925
 -2.3079976185486E-2,  0.95
 -1.1720491717634E-2,  0.975
 0.,  1.
'bcl'   1 1
'bcr'   1 1
'kreg'  2
'segvsc' 25.e-8
'segspr' 0.
'dxmin'  0.
'fdinc'  1.e-7
'imsg'   0
'ofreq'  0
'mstep'  1000
'nout'   28
'tout'   .0 .2 .4 .6 .8 1. 1.2 1.4 1.426 1.428 1.430 
         1.432 1.434 1.436 1.438 1.440 1.442 1.444
	 1.446 1.448 1.450 1.452 1.454 2 4 6 8 10
'rtol'   .1
'ptol'   1.e-4  1.e-3
'h'      1.e-3
'hlb'    1.e-8
'hub'    1.e+8
'margin' 2.
'ntol'   .1
'mitr'   4
'vtol'   .1
'mvec'   3
'visc'   1.e-4
'scale'   10.
