'nseg'  40
'niseg' 40*1
'yseg' 0.00000E+00  0.00000E+00
 1.9566401290415E-1,  2.5E-2
 3.8723422689506E-1,  5.E-2
 5.707131816675E-1,  7.5E-2
 7.4229374947994E-1,  0.1
 8.9844849736909E-1,  0.125
 1.036012244244,  0.15
 1.152255806546,  0.175
 1.244949142441,  0.2
 1.31241236476,  0.225
 1.353553390593,  0.25
 1.367891323395,  0.275
 1.355565013482,  0.3
 1.317326606365,  0.325
 1.254520256469,  0.35
 1.169046547442,  0.375
 1.06331351044,  0.4
 9.401754599384E-1,  0.425
 8.0286116467252E-1,  0.45
 6.5489313190681E-1,  0.475
 5.0000000000003E-1,  0.5
 3.4202420182635E-1,  0.525
 1.8482717592264E-1,  0.55
 3.2194460459307E-2,  0.575
 -1.1225699414488E-1,  0.6
 -2.4516701493088E-1,  0.625
 -3.6351373228075E-1,  0.65
 -4.6468644201131E-1,  0.675
 -5.4654801910766E-1,  0.7
 -6.0748535779511E-1,  0.725
 -6.4644660940672E-1,  0.75
 -6.6296431643004E-1,  0.775
 -6.5716389014892E-1,  0.8
 -6.297572418304E-1,  0.825
 -5.8202174450519E-1,  0.85
 -5.1576506500403E-1,  0.875
 -4.3327675510502E-1,  0.9
 -3.3726781781162E-1,  0.925
 -2.3079976185486E-1,  0.95
 -1.1720491717634E-1,  0.975
 0,  1.
'bcl'   1 1
'bcr'   1 1
'kreg'  2
'segvsc' 1.e-7
'segspr' 0.
'dxmin'  0.
'fdinc'  1.e-7
'imsg'   0
'ofreq'  0
'mstep'  2000
'nout'   28
'tout'   .0 .2 .4 .6 .8 1. 1.2 1.4
         1.426 1.428 1.430 1.432
	 1.434 1.436 1.438 1.440
	 1.442 1.444 1.446 1.448
	 1.450 1.452 1.454
	 2  4 6 8 10
'rtol'   .1
'ptol'   1.e-3  1.e-3
'h'      1.e-3
'hlb'    1.e-8
'hub'    1.e+8
'margin' 2.
'ntol'   .1
'mitr'   4
'vtol'   .1
'mvec'   3
'visc'   1.e-4
'scale'  1.
