t=  0.00000E+00, nstep=   0, cpu=     0.0
   0.00000000E+00   0.00000000E+00   0.00000000E+00
   1.50000000E-01   0.00000000E+00   1.87500000E-02
   3.00000000E-01   0.00000000E+00   3.75000000E-02
   4.50000000E-01   0.00000000E+00   5.62500000E-02
   6.00000000E-01   0.00000000E+00   7.50000000E-02
   6.16666667E-01   0.00000000E+00   7.70833333E-02
   6.33333333E-01   0.00000000E+00   7.91666667E-02
   6.50000000E-01   0.00000000E+00   8.12500000E-02
   6.66666667E-01   0.00000000E+00   8.33333333E-02
   6.83333333E-01   0.00000000E+00   8.54166667E-02
   7.00000000E-01   0.00000000E+00   8.75000000E-02
   7.10000000E-01  -1.00000000E-01   8.87500000E-02
   7.20000000E-01  -2.00000000E-01   9.00000000E-02
   7.30000000E-01  -3.00000000E-01   9.12500000E-02
   7.40000000E-01  -4.00000000E-01   9.25000000E-02
   7.50000000E-01  -5.00000000E-01   9.37500000E-02
   7.60000000E-01  -6.00000000E-01   9.50000000E-02
   7.70000000E-01  -7.00000000E-01   9.62500000E-02
   7.80000000E-01  -8.00000000E-01   9.75000000E-02
   7.90000000E-01  -9.00000000E-01   9.87500000E-02
   8.00000000E-01  -1.00000000E+00   1.00000000E-01
   8.16666667E-01  -1.00000000E+00   1.02083333E-01
   8.33333333E-01  -1.00000000E+00   1.04166667E-01
   8.50000000E-01  -1.00000000E+00   1.06250000E-01
   8.66666667E-01  -1.00000000E+00   1.08333333E-01
   8.83333333E-01  -1.00000000E+00   1.10416667E-01
   9.00000000E-01  -1.00000000E+00   1.12500000E-01
   9.25000000E-01  -1.00000000E+00   1.15625000E-01
   9.50000000E-01  -1.00000000E+00   1.18750000E-01
   9.75000000E-01  -1.00000000E+00   1.21875000E-01
   1.00000000E+00  -1.00000000E+00   1.25000000E-01
t=  4.00000E+01, nstep= 131, cpu=     1.2
  -7.72122820E-28   6.64050283E-26  -1.21355643E-25
   2.12947770E-01   1.85466120E-04  -1.46087936E-05
   4.07491436E-01  -1.00514548E-03  -1.89519394E-06
   4.51348642E-01  -6.53056451E-03   9.73235218E-05
   4.75410383E-01  -1.43438832E-02   2.39972703E-04
   4.93228359E-01  -2.47842580E-02   4.31503242E-04
   5.08518655E-01  -3.87802894E-02   6.88803274E-04
   5.22921250E-01  -5.79120978E-02   1.04084876E-03
   5.37379830E-01  -8.45795801E-02   1.53173219E-03
   5.52579435E-01  -1.22302970E-01   2.22618026E-03
   5.69117198E-01  -1.76111529E-01   3.21670559E-03
   5.87532074E-01  -2.52814960E-01   4.62861391E-03
   6.08382751E-01  -3.61577693E-01   6.63233662E-03
   6.29987213E-01  -5.00057983E-01   9.16628890E-03
   6.41911245E-01  -5.93119881E-01   1.07647494E-02
   6.76431206E-01  -8.66161704E-01   1.61932614E-02
   6.80923092E-01  -8.95453149E-01   1.69873612E-02
   6.84093233E-01  -9.11925549E-01   1.75599416E-02
   6.86802169E-01  -9.22914183E-01   1.80571839E-02
   6.89372570E-01  -9.30850244E-01   1.85357820E-02
   6.92025301E-01  -9.36879179E-01   1.90366374E-02
   6.95041723E-01  -9.41687114E-01   1.96147106E-02
   6.99081042E-01  -9.45848477E-01   2.04030629E-02
   7.07386413E-01  -9.50488464E-01   2.20752715E-02
   7.45546502E-01  -9.60665545E-01   3.06436366E-02
   7.87093838E-01  -9.69172411E-01   4.16278877E-02
   8.28401309E-01  -9.76841143E-01   5.42598362E-02
   8.70737559E-01  -9.83456884E-01   6.89766693E-02
   9.13256124E-01  -9.89529379E-01   8.55606513E-02
   9.56439135E-01  -9.94951016E-01   1.04253976E-01
   1.00000000E+00  -1.00000000E+00   1.25000000E-01
t=  1.40000E+02, nstep= 296, cpu=     2.9
  -7.74278841E-29   1.75375945E-26  -3.30927272E-26
   2.99681941E-01   3.59601261E-05  -9.21732702E-06
   4.62033152E-01  -2.12270401E-04  -1.36145677E-05
   4.78871140E-01  -3.82087782E-03  -7.18650869E-06
   4.87646238E-01  -9.52648014E-03   3.47443655E-06
   4.94569220E-01  -1.87320273E-02   2.08041005E-05
   5.01118494E-01  -3.45159850E-02   5.04959993E-05
   5.07932064E-01  -6.27480350E-02   1.03451443E-04
   5.15539756E-01  -1.14857148E-01   2.00876756E-04
   5.24363191E-01  -2.10474139E-01   3.77810052E-04
   5.37263112E-01  -4.19902998E-01   7.73626720E-04
   5.43615099E-01  -5.67853312E-01   1.02956631E-03
   5.54537678E-01  -8.22114792E-01   1.56394982E-03
   5.56355939E-01  -8.51410729E-01   1.66450029E-03
   5.57787034E-01  -8.66508980E-01   1.74596434E-03
   5.59223526E-01  -8.75741159E-01   1.82979473E-03
   5.61004874E-01  -8.82017200E-01   1.93661570E-03
   5.64638384E-01  -8.87866701E-01   2.16434695E-03
   5.94640632E-01  -9.09313336E-01   4.54907216E-03
   6.27717542E-01  -9.25615699E-01   8.22127151E-03
   6.60101256E-01  -9.38064968E-01   1.28763766E-02
   6.93298476E-01  -9.48268227E-01   1.87368510E-02
   7.26304778E-01  -9.56912523E-01   2.56561124E-02
   7.59771152E-01  -9.64372327E-01   3.37840092E-02
   7.93250305E-01  -9.71006336E-01   4.30355687E-02
   8.27099996E-01  -9.76912976E-01   5.35289478E-02
   8.61075509E-01  -9.82314884E-01   6.52134482E-02
   8.95404795E-01  -9.87225413E-01   7.81919427E-02
   9.29938248E-01  -9.91799097E-01   9.24365772E-02
   9.64835974E-01  -9.96018830E-01   1.08042870E-01
   1.00000000E+00  -1.00000000E+00   1.25000000E-01
t=  2.40000E+02, nstep= 396, cpu=     3.9
  -1.59376227E-29   3.29699392E-27  -6.30982968E-27
   3.17387491E-01   6.47594201E-06  -2.18421416E-06
   4.86208069E-01  -3.74563885E-05  -3.33258257E-06
   4.92094453E-01  -2.48720936E-03  -2.89438846E-06
   4.95481845E-01  -7.61436745E-03  -1.91516241E-06
   4.98557613E-01  -1.98693637E-02   4.21443542E-07
   5.01729710E-01  -5.02357021E-02   6.16776780E-06
   5.05341489E-01  -1.25987382E-01   2.04932721E-05
   5.08900153E-01  -2.66882403E-01   4.59946013E-05
   5.10256436E-01  -3.59775983E-01   5.89911758E-05
   5.17056644E-01  -7.87595273E-01   1.51867065E-04
   5.17885797E-01  -8.11060329E-01   1.66354328E-04
   5.18965131E-01  -8.22125672E-01   1.86242892E-04
   5.31931693E-01  -8.51875451E-01   5.16262592E-04
   5.59583808E-01  -8.84713311E-01   1.78151794E-03
   5.85282583E-01  -9.04186439E-01   3.64290057E-03
   6.12402632E-01  -9.19023426E-01   6.32338922E-03
   6.38973469E-01  -9.30581109E-01   9.66287062E-03
   6.66080505E-01  -9.40185522E-01   1.37972139E-02
   6.92993765E-01  -9.48372140E-01   1.86289000E-02
   7.20236276E-01  -9.55496852E-01   2.42573159E-02
   7.47430680E-01  -9.61845099E-01   3.06159466E-02
   7.74886052E-01  -9.67525852E-01   3.77857649E-02
   8.02374211E-01  -9.72722926E-01   4.57192572E-02
   8.30101180E-01  -9.77460884E-01   5.44871015E-02
   8.57915636E-01  -9.81872187E-01   6.40550022E-02
   8.85966269E-01  -9.85947866E-01   7.44876265E-02
   9.14146421E-01  -9.89790384E-01   8.57606812E-02
   9.42569614E-01  -9.93376555E-01   9.79353423E-02
   9.71157349E-01  -9.96789468E-01   1.10995353E-01
   1.00000000E+00  -1.00000000E+00   1.25000000E-01
t=  3.40000E+02, nstep= 438, cpu=     4.4
  -9.47785430E-30   6.58031494E-29  -1.48341142E-28
   3.22720950E-01   1.31049330E-07  -1.75428903E-06
   4.94311183E-01  -7.55779484E-07  -2.69957786E-06
   4.96766703E-01  -1.06230619E-03  -2.69189592E-06
   4.98105686E-01  -4.49375616E-03  -2.63079555E-06
   4.99306670E-01  -1.53439431E-02  -2.42857829E-06
   5.00533394E-01  -4.93894418E-02  -1.79224333E-06
   5.02038277E-01  -1.61788377E-01   3.26066082E-07
   5.02616718E-01  -2.73260207E-01   1.68790993E-06
   5.05328121E-01  -7.48290586E-01   1.25156664E-05
   5.05820732E-01  -7.68913364E-01   1.52717392E-05
   5.22350114E-01  -8.33573510E-01   2.48342454E-04
   5.46769702E-01  -8.71930651E-01   1.09266393E-03
   5.70986326E-01  -8.94289867E-01   2.51876737E-03
   5.95586610E-01  -9.10312987E-01   4.56793344E-03
   6.20089980E-01  -9.22661132E-01   7.21057859E-03
   6.44758347E-01  -9.32765220E-01   1.04774808E-02
   6.69413692E-01  -9.41294392E-01   1.43506790E-02
   6.94195310E-01  -9.48687463E-01   1.88562447E-02
   7.19011938E-01  -9.55214814E-01   2.39835788E-02
   7.43950629E-01  -9.61057932E-01   2.97565175E-02
   7.68957733E-01  -9.66356849E-01   3.61697647E-02
   7.94094142E-01  -9.71199283E-01   4.32463572E-02
   8.19325769E-01  -9.75669742E-01   5.09851618E-02
   8.44698640E-01  -9.79814406E-01   5.94092497E-02
   8.70190083E-01  -9.83689847E-01   6.85209794E-02
   8.95836856E-01  -9.87321376E-01   7.83439679E-02
   9.21623485E-01  -9.90749783E-01   8.88836427E-02
   9.47580526E-01  -9.93988946E-01   1.00164499E-01
   9.73697308E-01  -9.97069948E-01   1.12194751E-01
   1.00000000E+00  -1.00000000E+00   1.25000000E-01
t=  4.40000E+02, nstep= 474, cpu=     4.8
  -2.11127960E-30  -9.56608689E-29   1.79871625E-28
   3.24535592E-01  -1.80249595E-07  -6.31471953E-06
   4.97090399E-01   1.03835525E-06  -9.67203599E-06
   4.98665482E-01  -2.10743669E-04  -9.70267636E-06
   4.99295693E-01  -2.67631091E-03  -9.70992980E-06
   4.99788094E-01  -1.57631415E-02  -9.69582922E-06
   5.00235539E-01  -6.83622220E-02  -9.61777139E-06
   5.01010798E-01  -3.21399971E-01  -9.10706001E-06
   5.01241291E-01  -4.96458821E-01  -8.84157951E-06
   5.01718282E-01  -7.39149404E-01  -8.12354430E-06
   5.21617177E-01  -8.31836699E-01   2.24679305E-04
   5.45085885E-01  -8.69971389E-01   1.00806989E-03
   5.68259127E-01  -8.92174985E-01   2.32197799E-03
   5.91628690E-01  -9.08030471E-01   4.19086773E-03
   6.14957630E-01  -9.20294775E-01   6.60116221E-03
   6.38381209E-01  -9.30326658E-01   9.56879075E-03
   6.61821334E-01  -9.38807028E-01   1.30877198E-02
   6.85345848E-01  -9.46159733E-01   1.71717158E-02
   7.08917661E-01  -9.52653397E-01   2.18189639E-02
   7.32579872E-01  -9.58469210E-01   2.70428472E-02
   7.56312404E-01  -9.63741800E-01   3.28446262E-02
   7.80146402E-01  -9.68563004E-01   3.92380399E-02
   8.04070520E-01  -9.73010971E-01   4.62268881E-02
   8.28109153E-01  -9.77137382E-01   5.38256472E-02
   8.52256016E-01  -9.80992368E-01   6.20403588E-02
   8.76531278E-01  -9.84607074E-01   7.08864595E-02
   9.00931821E-01  -9.88016072E-01   8.03720491E-02
   9.25474962E-01  -9.91239007E-01   9.05136663E-02
   9.50159670E-01  -9.94301067E-01   1.01321347E-01
   9.75001216E-01  -9.97215013E-01   1.12812829E-01
   1.00000000E+00  -1.00000000E+00   1.25000000E-01
t=  5.40000E+02, nstep= 483, cpu=     4.9
  -9.10029469E-31  -1.30038129E-30   4.16759964E-30
   3.25054290E-01  -3.01105298E-09  -2.78494025E-06
   4.97884822E-01   1.74052758E-08  -4.26490333E-06
   4.99439550E-01  -1.50438100E-06  -4.27805287E-06
   4.99737106E-01  -1.64941544E-03  -4.27818774E-06
   4.99914909E-01  -1.42823529E-02  -4.27455570E-06
   5.00064864E-01  -6.85867466E-02  -4.26248861E-06
   5.00323358E-01  -3.50147544E-01  -4.20531452E-06
   5.00401909E-01  -5.42544286E-01  -4.17625890E-06
   5.00543799E-01  -7.32950896E-01  -4.11442352E-06
   5.23745469E-01  -8.36512925E-01   2.78048414E-04
   5.46933596E-01  -8.72109785E-01   1.09791399E-03
   5.70146846E-01  -8.93629090E-01   2.45720686E-03
   5.93372173E-01  -9.09047617E-01   4.35649273E-03
   6.16641107E-01  -9.21074726E-01   6.80020812E-03
   6.39944039E-01  -9.30934961E-01   9.79013247E-03
   6.63302265E-01  -9.39296689E-01   1.33320654E-02
   6.86714393E-01  -9.46559113E-01   1.74296602E-02
   7.10195762E-01  -9.52981491E-01   2.20899002E-02
   7.33748910E-01  -9.58741988E-01   2.73182757E-02
   7.57386273E-01  -9.63966809E-01   3.31230458E-02
   7.81112290E-01  -9.68750754E-01   3.95114400E-02
   8.04937810E-01  -9.73164298E-01   4.64930697E-02
   8.28868252E-01  -9.77263922E-01   5.40768351E-02
   8.52913488E-01  -9.81092772E-01   6.22737484E-02
   8.77079461E-01  -9.84687267E-01   7.10943344E-02
   9.01375371E-01  -9.88075615E-01   8.05510367E-02
   9.25807432E-01  -9.91282716E-01   9.06559741E-02
   9.50384340E-01  -9.94327941E-01   1.01423041E-01
   9.75112433E-01  -9.97229096E-01   1.12865930E-01
   1.00000000E+00  -1.00000000E+00   1.25000000E-01
