TIME =   0.00000E+00
   0.00000000E+00   0.00000000E+00   0.00000000E+00
   1.50000000E-01   0.00000000E+00   1.87500000E-02
   3.00000000E-01   0.00000000E+00   3.75000000E-02
   4.50000000E-01   0.00000000E+00   5.62500000E-02
   6.00000000E-01   0.00000000E+00   7.50000000E-02
   6.16666667E-01   0.00000000E+00   7.70833333E-02
   6.33333333E-01   0.00000000E+00   7.91666667E-02
   6.50000000E-01   0.00000000E+00   8.12500000E-02
   6.66666667E-01   0.00000000E+00   8.33333333E-02
   6.83333333E-01   0.00000000E+00   8.54166667E-02
   7.00000000E-01   0.00000000E+00   8.75000000E-02
   7.10000000E-01  -1.00000000E-01   8.87500000E-02
   7.20000000E-01  -2.00000000E-01   9.00000000E-02
   7.30000000E-01  -3.00000000E-01   9.12500000E-02
   7.40000000E-01  -4.00000000E-01   9.25000000E-02
   7.50000000E-01  -5.00000000E-01   9.37500000E-02
   7.60000000E-01  -6.00000000E-01   9.50000000E-02
   7.70000000E-01  -7.00000000E-01   9.62500000E-02
   7.80000000E-01  -8.00000000E-01   9.75000000E-02
   7.90000000E-01  -9.00000000E-01   9.87500000E-02
   8.00000000E-01  -1.00000000E+00   1.00000000E-01
   8.16666667E-01  -1.00000000E+00   1.02083333E-01
   8.33333333E-01  -1.00000000E+00   1.04166667E-01
   8.50000000E-01  -1.00000000E+00   1.06250000E-01
   8.66666667E-01  -1.00000000E+00   1.08333333E-01
   8.83333333E-01  -1.00000000E+00   1.10416667E-01
   9.00000000E-01  -1.00000000E+00   1.12500000E-01
   9.25000000E-01  -1.00000000E+00   1.15625000E-01
   9.50000000E-01  -1.00000000E+00   1.18750000E-01
   9.75000000E-01  -1.00000000E+00   1.21875000E-01
   1.00000000E+00  -1.00000000E+00   1.25000000E-01
TIME =   4.00000E+01
   0.00000000E+00   0.00000000E+00   0.00000000E+00
   2.12947767E-01   1.85466121E-04  -1.46087936E-05
   4.07491435E-01  -1.00514547E-03  -1.89519425E-06
   4.51348642E-01  -6.53056460E-03   9.73235242E-05
   4.75410384E-01  -1.43438835E-02   2.39972710E-04
   4.93228360E-01  -2.47842585E-02   4.31503255E-04
   5.08518656E-01  -3.87802901E-02   6.88803297E-04
   5.22921251E-01  -5.79120989E-02   1.04084880E-03
   5.37379831E-01  -8.45795816E-02   1.53173224E-03
   5.52579436E-01  -1.22302972E-01   2.22618034E-03
   5.69117199E-01  -1.76111532E-01   3.21670571E-03
   5.87532076E-01  -2.52814964E-01   4.62861409E-03
   6.08382753E-01  -3.61577698E-01   6.63233686E-03
   6.29987216E-01  -5.00057989E-01   9.16628923E-03
   6.41911248E-01  -5.93119889E-01   1.07647498E-02
   6.76431208E-01  -8.66161704E-01   1.61932618E-02
   6.80923094E-01  -8.95453149E-01   1.69873616E-02
   6.84093235E-01  -9.11925549E-01   1.75599420E-02
   6.86802172E-01  -9.22914183E-01   1.80571843E-02
   6.89372572E-01  -9.30850244E-01   1.85357824E-02
   6.92025303E-01  -9.36879179E-01   1.90366378E-02
   6.95041725E-01  -9.41687115E-01   1.96147110E-02
   6.99081044E-01  -9.45848478E-01   2.04030633E-02
   7.07386415E-01  -9.50488465E-01   2.20752719E-02
   7.45546502E-01  -9.60665546E-01   3.06436368E-02
   7.87093838E-01  -9.69172412E-01   4.16278878E-02
   8.28401309E-01  -9.76841143E-01   5.42598362E-02
   8.70737559E-01  -9.83456884E-01   6.89766693E-02
   9.13256124E-01  -9.89529379E-01   8.55606514E-02
   9.56439135E-01  -9.94951016E-01   1.04253976E-01
   1.00000000E+00  -1.00000000E+00   1.25000000E-01
TIME =   1.40000E+02
   0.00000000E+00   0.00000000E+00   0.00000000E+00
   2.99688814E-01   3.59441640E-05  -9.23625833E-06
   4.62028604E-01  -2.12191224E-04  -1.36397717E-05
   4.78866411E-01  -3.81917167E-03  -7.21198254E-06
   4.87641059E-01  -9.52188761E-03   3.44495647E-06
   4.94562939E-01  -1.87212721E-02   2.07640426E-05
   5.01110510E-01  -3.44916986E-02   5.04313680E-05
   5.07921647E-01  -6.26943105E-02   1.03332482E-04
   5.15525652E-01  -1.14738915E-01   2.00639317E-04
   5.24341904E-01  -2.10204208E-01   3.77290392E-04
   5.37245903E-01  -4.19553011E-01   7.72980789E-04
   5.43605422E-01  -5.67632945E-01   1.02914156E-03
   5.54537236E-01  -8.22104319E-01   1.56397775E-03
   5.56355836E-01  -8.51409019E-01   1.66454710E-03
   5.57786977E-01  -8.66508663E-01   1.74601533E-03
   5.59223467E-01  -8.75741136E-01   1.82984783E-03
   5.61004756E-01  -8.82017122E-01   1.93666881E-03
   5.64637526E-01  -8.87865929E-01   2.16435879E-03
   5.94638600E-01  -9.09312141E-01   4.54894829E-03
   6.27715756E-01  -9.25614925E-01   8.22110682E-03
   6.60099055E-01  -9.38064248E-01   1.28760793E-02
   6.93296455E-01  -9.48267647E-01   1.87365098E-02
   7.26302648E-01  -9.56912036E-01   2.56556728E-02
   7.59769235E-01  -9.64371911E-01   3.37835481E-02
   7.93248457E-01  -9.71006009E-01   4.30350580E-02
   8.27098420E-01  -9.76912696E-01   5.35284584E-02
   8.61074127E-01  -9.82314682E-01   6.52129699E-02
   8.95403746E-01  -9.87225249E-01   7.81915436E-02
   9.29937488E-01  -9.91799002E-01   9.24362607E-02
   9.64835606E-01  -9.96018766E-01   1.08042705E-01
   1.00000000E+00  -1.00000000E+00   1.25000000E-01
TIME =   2.40000E+02
   0.00000000E+00   0.00000000E+00   0.00000000E+00
   3.17417542E-01   6.47160916E-06  -1.14489354E-05
   4.86238367E-01  -3.74373075E-05  -1.75420352E-05
   4.92132887E-01  -2.49420494E-03  -1.72665496E-05
   4.95517990E-01  -7.62570914E-03  -1.63847282E-05
   4.98589230E-01  -1.98540647E-02  -1.41445563E-05
   5.01756309E-01  -5.01036613E-02  -8.51629408E-06
   5.05351291E-01  -1.25325115E-01   5.57882045E-06
   5.08862014E-01  -2.64008119E-01   3.04614146E-05
   5.10206073E-01  -3.55919612E-01   4.31950564E-05
   5.17090638E-01  -7.87927895E-01   1.36817807E-04
   5.17920257E-01  -8.11297759E-01   1.51289933E-04
   5.19004381E-01  -8.22342453E-01   1.71245644E-04
   5.32392960E-01  -8.52585872E-01   5.16470039E-04
   5.59779869E-01  -8.84922404E-01   1.77919952E-03
   5.85628309E-01  -9.04404040E-01   3.65939931E-03
   6.12685754E-01  -9.19173809E-01   6.34301410E-03
   6.39304347E-01  -9.30709643E-01   9.69754580E-03
   6.66378654E-01  -9.40291485E-01   1.38362499E-02
   6.93305688E-01  -9.48459112E-01   1.86794815E-02
   7.20520223E-01  -9.55572500E-01   2.43110741E-02
   7.47710926E-01  -9.61905512E-01   3.06773673E-02
   7.75137087E-01  -9.67579232E-01   3.78477001E-02
   8.02610420E-01  -9.72763916E-01   4.57844690E-02
   8.30305258E-01  -9.77496924E-01   5.45491176E-02
   8.58096815E-01  -9.81897916E-01   6.41153677E-02
   8.86111917E-01  -9.85969822E-01   7.45402369E-02
   9.14262766E-01  -9.89803572E-01   8.58061452E-02
   9.42646912E-01  -9.93386702E-01   9.79677274E-02
   9.71199925E-01  -9.96792021E-01   1.11014494E-01
   1.00000000E+00  -1.00000000E+00   1.25000000E-01
TIME =   3.40000E+02
   0.00000000E+00   0.00000000E+00   0.00000000E+00
   3.22733440E-01   1.29001885E-07   9.27717366E-07
   4.94314343E-01  -7.44002845E-07   1.41372284E-06
   4.96768770E-01  -1.06110134E-03   1.44231595E-06
   4.98109253E-01  -4.49569544E-03   1.51486722E-06
   4.99311878E-01  -1.53781345E-02   1.72791290E-06
   5.00540703E-01  -4.95941858E-02   2.37779478E-06
   5.02061252E-01  -1.63524330E-01   4.54740468E-06
   5.02643930E-01  -2.76126369E-01   5.93687987E-06
   5.05331529E-01  -7.48272952E-01   1.67256230E-05
   5.05824619E-01  -7.68940206E-01   1.94883147E-05
   5.22362600E-01  -8.33588558E-01   2.52749758E-04
   5.46851448E-01  -8.72021590E-01   1.10042115E-03
   5.71034346E-01  -8.94322802E-01   2.52594200E-03
   5.95649003E-01  -9.10343373E-01   4.57750397E-03
   6.20130163E-01  -9.22678551E-01   7.21880346E-03
   6.44802806E-01  -9.32778544E-01   1.04871050E-02
   6.69444600E-01  -9.41304198E-01   1.43588905E-02
   6.94226950E-01  -9.48694058E-01   1.88651439E-02
   7.19034579E-01  -9.55220584E-01   2.39910701E-02
   7.43972778E-01  -9.61061321E-01   2.97642285E-02
   7.68973505E-01  -9.66360349E-01   3.61760866E-02
   7.94109087E-01  -9.71200992E-01   4.32526042E-02
   8.19336028E-01  -9.75671924E-01   5.09900589E-02
   8.44708091E-01  -9.79815205E-01   5.94138981E-02
   8.70196032E-01  -9.83691260E-01   6.85243404E-02
   8.95842154E-01  -9.87321692E-01   7.83469922E-02
   9.21626154E-01  -9.90750757E-01   8.88854629E-02
   9.47582746E-01  -9.93989029E-01   1.00165955E-01
   9.73697560E-01  -9.97070688E-01   1.12195102E-01
   1.00000000E+00  -1.00000000E+00   1.25000000E-01
TIME =   4.40000E+02
   0.00000000E+00   0.00000000E+00   0.00000000E+00
   3.24547556E-01  -1.82549028E-07  -6.40652412E-06
   4.97092574E-01   1.05165170E-06  -9.81402627E-06
   4.98665419E-01  -2.13177087E-04  -9.84515962E-06
   4.99293375E-01  -2.68441671E-03  -9.85269157E-06
   4.99784828E-01  -1.57568784E-02  -9.83881585E-06
   5.00231208E-01  -6.82020238E-02  -9.76129522E-06
   5.01009840E-01  -3.22395390E-01  -9.24813619E-06
   5.01241805E-01  -4.98574618E-01  -8.98033137E-06
   5.01716123E-01  -7.39487114E-01  -8.26527239E-06
   5.21821452E-01  -8.32301408E-01   2.29016961E-04
   5.45307170E-01  -8.70230441E-01   1.01792029E-03
   5.68447046E-01  -8.92323599E-01   2.33473135E-03
   5.91825759E-01  -9.08144776E-01   4.20880913E-03
   6.15132742E-01  -9.20377848E-01   6.62121260E-03
   6.38554935E-01  -9.30393264E-01   9.59273968E-03
   6.61978169E-01  -9.38860038E-01   1.31130299E-02
   6.85497010E-01  -9.46202844E-01   1.71996631E-02
   7.09054117E-01  -9.52689165E-01   2.18474158E-02
   7.32708520E-01  -9.58498293E-01   2.70727140E-02
   7.56427408E-01  -9.63766389E-01   3.28740578E-02
   7.80252371E-01  -9.68582734E-01   3.92676840E-02
   8.04163407E-01  -9.73027721E-01   4.62550954E-02
   8.28192226E-01  -9.77150418E-01   5.38528698E-02
   8.52326308E-01  -9.81003316E-01   6.20650897E-02
   8.76591207E-01  -9.84615073E-01   7.09089981E-02
   9.00979110E-01  -9.88022546E-01   8.03909864E-02
   9.25511456E-01  -9.91243070E-01   9.05291759E-02
   9.50183546E-01  -9.94303980E-01   1.01332082E-01
   9.75013915E-01  -9.97215906E-01   1.12818854E-01
   1.00000000E+00  -1.00000000E+00   1.25000000E-01
TIME =   5.40000E+02
   0.00000000E+00   0.00000000E+00   0.00000000E+00
   3.25068345E-01  -2.99204181E-09  -2.59768635E-06
   4.97890183E-01   1.72391544E-08  -3.97872811E-06
   4.99442997E-01   6.17378475E-07  -3.99115914E-06
   4.99740558E-01  -1.64500425E-03  -3.99322371E-06
   4.99915781E-01  -1.42580406E-02  -3.99251074E-06
   5.00061970E-01  -6.83719530E-02  -3.98544615E-06
   5.00324452E-01  -3.50908714E-01  -3.92973094E-06
   5.00404708E-01  -5.44640636E-01  -3.89903157E-06
   5.00549082E-01  -7.32985912E-01  -3.82768076E-06
   5.23741097E-01  -8.36494402E-01   2.78259462E-04
   5.46931593E-01  -8.72105006E-01   1.09812799E-03
   5.70138879E-01  -8.93622095E-01   2.45693867E-03
   5.93370386E-01  -9.09045514E-01   4.35657139E-03
   6.16635379E-01  -9.21071982E-01   6.79978599E-03
   6.39941736E-01  -9.30933356E-01   9.79002611E-03
   6.63297985E-01  -9.39295288E-01   1.33315749E-02
   6.86712116E-01  -9.46557936E-01   1.74294208E-02
   7.10192424E-01  -9.52980666E-01   2.20893729E-02
   7.33746888E-01  -9.58741120E-01   2.73179586E-02
   7.57383648E-01  -9.63966291E-01   3.31225124E-02
   7.81110615E-01  -9.68750106E-01   3.95110947E-02
   8.04935783E-01  -9.73163967E-01   4.64925634E-02
   8.28866963E-01  -9.77263435E-01   5.40765074E-02
   8.52911999E-01  -9.81092565E-01   6.22733051E-02
   8.77078579E-01  -9.84686900E-01   7.10940690E-02
   9.01374387E-01  -9.88075497E-01   8.05506956E-02
   9.25806971E-01  -9.91282443E-01   9.06558172E-02
   9.50383848E-01  -9.94327889E-01   1.01422846E-01
   9.75112409E-01  -9.97228897E-01   1.12865931E-01
   1.00000000E+00  -1.00000000E+00   1.25000000E-01
