t=  0.00000E+00, nstep=   0, cpu=     0.0
   0.00000000E+00   0.00000000E+00   0.00000000E+00
   1.50000000E-01   0.00000000E+00   1.87500000E-02
   3.00000000E-01   0.00000000E+00   3.75000000E-02
   4.50000000E-01   0.00000000E+00   5.62500000E-02
   6.00000000E-01   0.00000000E+00   7.50000000E-02
   6.16666667E-01   0.00000000E+00   7.70833333E-02
   6.33333333E-01   0.00000000E+00   7.91666667E-02
   6.50000000E-01   0.00000000E+00   8.12500000E-02
   6.66666667E-01   0.00000000E+00   8.33333333E-02
   6.83333333E-01   0.00000000E+00   8.54166667E-02
   7.00000000E-01   0.00000000E+00   8.75000000E-02
   7.10000000E-01  -1.00000000E-01   8.87500000E-02
   7.20000000E-01  -2.00000000E-01   9.00000000E-02
   7.30000000E-01  -3.00000000E-01   9.12500000E-02
   7.40000000E-01  -4.00000000E-01   9.25000000E-02
   7.50000000E-01  -5.00000000E-01   9.37500000E-02
   7.60000000E-01  -6.00000000E-01   9.50000000E-02
   7.70000000E-01  -7.00000000E-01   9.62500000E-02
   7.80000000E-01  -8.00000000E-01   9.75000000E-02
   7.90000000E-01  -9.00000000E-01   9.87500000E-02
   8.00000000E-01  -1.00000000E+00   1.00000000E-01
   8.16666667E-01  -1.00000000E+00   1.02083333E-01
   8.33333333E-01  -1.00000000E+00   1.04166667E-01
   8.50000000E-01  -1.00000000E+00   1.06250000E-01
   8.66666667E-01  -1.00000000E+00   1.08333333E-01
   8.83333333E-01  -1.00000000E+00   1.10416667E-01
   9.00000000E-01  -1.00000000E+00   1.12500000E-01
   9.25000000E-01  -1.00000000E+00   1.15625000E-01
   9.50000000E-01  -1.00000000E+00   1.18750000E-01
   9.75000000E-01  -1.00000000E+00   1.21875000E-01
   1.00000000E+00  -1.00000000E+00   1.25000000E-01
t=  1.00000E+00, nstep=  45, cpu=     0.5
   7.14186416E-27   1.81600751E-30  -5.64349577E-27
   1.37019818E-01  -1.31311611E-09   8.08623407E-03
   2.73936646E-01   6.55068998E-09   1.61608805E-02
   4.10646361E-01  -2.82133357E-08   2.42123288E-02
   5.46974104E-01   1.14300633E-07   3.22249017E-02
   5.62272906E-01  -2.61147973E-06   3.31228198E-02
   5.77571084E-01   1.30579920E-07   3.40204266E-02
   5.92867802E-01   8.99892609E-05   3.49175949E-02
   6.08144439E-01  -3.20410566E-04   3.58132603E-02
   6.21505684E-01  -5.12963480E-03   3.65998182E-02
   6.30511402E-01  -1.76424577E-02   3.71399408E-02
   6.41287960E-01  -5.59513397E-02   3.78211982E-02
   6.51324204E-01  -1.32205182E-01   3.85233498E-02
   6.59866862E-01  -2.37309248E-01   3.91920627E-02
   6.67086457E-01  -3.56231840E-01   3.98130243E-02
   6.73406236E-01  -4.81596916E-01   4.03992316E-02
   6.79139965E-01  -6.10218218E-01   4.09655871E-02
   6.84440761E-01  -7.40491228E-01   4.15183936E-02
   6.89904507E-01  -8.66692203E-01   4.21175687E-02
   6.93658310E-01  -9.22646731E-01   4.25465266E-02
   6.96093591E-01  -9.38021989E-01   4.28323394E-02
   6.98914511E-01  -9.43880984E-01   4.31708168E-02
   7.18392155E-01  -9.46501001E-01   4.57247030E-02
   7.41212581E-01  -9.46747135E-01   4.91989162E-02
   7.68540876E-01  -9.53338660E-01   5.40436378E-02
   7.99921627E-01  -9.63395375E-01   6.05268539E-02
   8.34638512E-01  -9.72559203E-01   6.88455277E-02
   8.74301845E-01  -9.80270464E-01   7.98231123E-02
   9.15348265E-01  -9.87671606E-01   9.28389061E-02
   9.57352297E-01  -9.94226428E-01   1.07901759E-01
   1.00000000E+00  -1.00000000E+00   1.25000000E-01
t=  5.00000E+00, nstep=  73, cpu=     0.7
   1.09526034E-27   5.39280215E-29  -9.93822949E-28
   1.14956850E-01   1.94653008E-07   1.17653086E-03
   2.29827007E-01  -9.20905043E-07   2.35139013E-03
   3.44522797E-01   3.97500930E-06   3.52287051E-03
   4.58896942E-01  -1.65925623E-05   4.68877713E-03
   4.71736192E-01  -1.85303970E-04   4.81971705E-03
   4.84531764E-01  -7.74637712E-04   4.95093382E-03
   4.96731021E-01  -2.86181166E-03   5.07875717E-03
   5.06009700E-01  -7.43997896E-03   5.18135188E-03
   5.12752633E-01  -1.45396243E-02   5.26288619E-03
   5.18850657E-01  -2.60761222E-02   5.34610957E-03
   5.25130887E-01  -4.62585801E-02   5.44713636E-03
   5.32091310E-01  -8.33386628E-02   5.58626078E-03
   5.40264477E-01  -1.53463047E-01   5.79882243E-03
   5.49697946E-01  -2.77472078E-01   6.12218215E-03
   5.61448433E-01  -4.94901198E-01   6.64838310E-03
   5.69091123E-01  -6.85757899E-01   7.06467905E-03
   5.76132291E-01  -8.44619734E-01   7.49991453E-03
   5.78194050E-01  -8.70788300E-01   7.63656406E-03
   5.80080970E-01  -8.83211830E-01   7.76541046E-03
   5.82675918E-01  -8.90617964E-01   7.94840355E-03
   5.93940608E-01  -9.01303954E-01   8.82156804E-03
   6.37867022E-01  -9.25442298E-01   1.34371549E-02
   6.80931285E-01  -9.42099111E-01   1.98358566E-02
   7.25512156E-01  -9.54902784E-01   2.84124643E-02
   7.69981113E-01  -9.65367488E-01   3.89472117E-02
   8.15155843E-01  -9.74107855E-01   5.16731118E-02
   8.60548889E-01  -9.81769157E-01   6.65156905E-02
   9.06550312E-01  -9.88460187E-01   8.36590049E-02
   9.52959488E-01  -9.94539904E-01   1.03098370E-01
   1.00000000E+00  -1.00000000E+00   1.25000000E-01
t=  4.00000E+01, nstep= 163, cpu=     1.6
  -2.32614164E-29   1.01226767E-27  -1.88825416E-27
   1.17986769E-01   5.21077491E-06  -4.17839502E-06
   2.35863785E-01  -2.22957702E-05  -8.29203152E-06
   3.53220006E-01   9.03992828E-05  -1.26544647E-05
   4.64606505E-01  -3.75561943E-04  -1.57605846E-05
   4.79837167E-01  -4.15145926E-03  -9.32841105E-06
   4.88168638E-01  -9.96547617E-03   1.14729250E-06
   4.94895418E-01  -1.93361306E-02   1.82820071E-05
   5.01318129E-01  -3.53498165E-02   4.77080733E-05
   5.08014938E-01  -6.37665168E-02   1.00022793E-04
   5.15487998E-01  -1.15620921E-01   1.95643551E-04
   5.24510898E-01  -2.14791299E-01   3.76994497E-04
   5.29767435E-01  -3.06662197E-01   5.19091220E-04
   5.54549910E-01  -8.24861938E-01   1.56058412E-03
   5.56552772E-01  -8.55740066E-01   1.67158201E-03
   5.58048711E-01  -8.69770308E-01   1.75710320E-03
   5.59612835E-01  -8.78150519E-01   1.84891547E-03
   5.61750694E-01  -8.83945496E-01   1.97836240E-03
   5.68054914E-01  -8.91198905E-01   2.38665495E-03
   6.02259898E-01  -9.13484459E-01   5.29450107E-03
   6.36872161E-01  -9.29537388E-01   9.42782849E-03
   6.72151340E-01  -9.41996548E-01   1.48735014E-02
   7.07547266E-01  -9.52216036E-01   2.15878870E-02
   7.43207849E-01  -9.60821415E-01   2.96193015E-02
   7.79060163E-01  -9.68316689E-01   3.89757317E-02
   8.15156302E-01  -9.74917754E-01   4.96941993E-02
   8.51509316E-01  -9.80859631E-01   6.18056997E-02
   8.88141413E-01  -9.86239802E-01   7.53468601E-02
   9.25087561E-01  -9.91184373E-01   9.03632118E-02
   9.62360234E-01  -9.95746576E-01   1.06895329E-01
   1.00000000E+00  -1.00000000E+00   1.25000000E-01
