t=  0.00000E+00, nstep=   0, cpu=     0.0
   0.00000000E+00   0.00000000E+00
   5.00000000E-02   1.52588000E-21
   1.00000000E-01   1.00000000E-16
   1.50000000E-01   6.56841000E-14
   2.00000000E-01   6.55360000E-12
   2.50000000E-01   2.32831000E-10
   3.00000000E-01   4.30467000E-09
   3.50000000E-01   5.07094000E-08
   4.00000000E-01   4.29497000E-07
   4.50000000E-01   2.82749000E-06
   5.00000000E-01   1.52588000E-05
   5.50000000E-01   7.01137000E-05
   6.00000000E-01   2.82111000E-04
   6.50000000E-01   1.01535000E-03
   7.00000000E-01   3.32329000E-03
   7.50000000E-01   1.00226000E-02
   8.00000000E-01   2.81475000E-02
   8.50000000E-01   7.42511000E-02
   9.00000000E-01   1.85302000E-01
   9.50000000E-01   4.40127000E-01
   1.00000000E+00   1.00000000E+00
t=  2.00000E-01, nstep=  51, cpu=     0.2
  -7.19996000E-25   3.34948556E-31
   6.11231520E-02   3.83469099E-11
   1.22246304E-01  -8.15619672E-11
   1.83369456E-01   2.02259160E-10
   2.44492608E-01  -5.72268531E-10
   3.05615760E-01   1.84199884E-09
   3.66738912E-01  -6.48180495E-09
   4.27862064E-01   2.39452605E-08
   4.88985216E-01  -8.70745758E-08
   5.50108368E-01   3.76011783E-07
   6.11231520E-01  -6.65999031E-07
   6.72354651E-01   1.01942729E-05
   7.33477486E-01   2.44095167E-05
   7.94594014E-01   3.02847653E-04
   8.55667329E-01   9.52063654E-04
   9.15873561E-01   5.71117573E-03
   9.74814811E-01   1.43923635E-02
   9.96147873E-01   4.11221152E-02
   9.97799661E-01   1.15376682E-01
   9.98934362E-01   3.28727134E-01
   1.00000000E+00   1.00000000E+00
t=  4.00000E-01, nstep=  68, cpu=     0.3
  -6.94370498E-25   3.39740866E-27
   6.68715974E-02   5.01041607E-07
   1.33743195E-01  -8.08048590E-07
   2.00614791E-01   1.39248008E-06
   2.67486384E-01  -2.25334392E-06
   3.34357970E-01   3.30928732E-06
   4.01229533E-01  -3.98915356E-06
   4.68101047E-01   2.35488204E-06
   5.34972461E-01   6.96073794E-06
   6.01843603E-01  -3.72822968E-05
   6.68712883E-01   1.19225280E-04
   7.35566384E-01  -3.18673811E-04
   8.02306746E-01   7.68375062E-04
   8.68357814E-01  -1.70342862E-03
   9.30855483E-01   3.39300674E-03
   9.79515588E-01  -4.44450529E-03
   9.95376157E-01   2.29574073E-03
   9.96977141E-01   3.39149824E-02
   9.98119219E-01   1.28471454E-01
   9.99077763E-01   3.67848391E-01
   1.00000000E+00   1.00000000E+00
t=  6.00000E-01, nstep=  83, cpu=     0.4
  -5.34531829E-25  -5.24936225E-26
   7.43962227E-02  -6.11787658E-06
   1.48792391E-01   1.52354620E-05
   2.23188275E-01  -2.94009606E-05
   2.97582994E-01   5.66711039E-05
   3.71973347E-01  -1.03985442E-04
   4.46348476E-01   1.83582777E-04
   5.20674119E-01  -3.10839252E-04
   5.94849771E-01   4.99596324E-04
   6.68605369E-01  -7.42983070E-04
   7.41297110E-01   9.57770645E-04
   8.11643341E-01  -8.64582000E-04
   8.77648240E-01  -1.08655714E-04
   9.36231638E-01   2.33729226E-03
   9.79324326E-01  -3.71712128E-03
   9.94792223E-01   1.22563956E-03
   9.96124053E-01   1.24684466E-02
   9.97315207E-01   5.38638203E-02
   9.98304397E-01   1.62363003E-01
   9.99169389E-01   4.12216993E-01
   1.00000000E+00   1.00000000E+00
t=  8.00000E-01, nstep=  94, cpu=     0.4
  -3.99956461E-25  -1.08302460E-24
   8.13932587E-02  -1.78428200E-04
   1.62747348E-01   1.84672089E-04
   2.44010378E-01  -2.58447261E-04
   3.25099955E-01   3.21447419E-04
   4.05869505E-01  -3.61107335E-04
   4.86100308E-01   3.36879627E-04
   5.65513311E-01  -1.85092405E-04
   6.43804047E-01  -1.50024505E-04
   7.20588336E-01   6.39590986E-04
   7.94996496E-01  -1.01792723E-03
   8.64899055E-01   6.25355798E-04
   9.26476621E-01   1.23975468E-03
   9.73118303E-01  -3.13574842E-03
   9.94279002E-01   1.09408502E-03
   9.95590291E-01   7.97074773E-03
   9.96592006E-01   2.53536534E-02
   9.97576166E-01   7.57651605E-02
   9.98451413E-01   1.94676965E-01
   9.99240394E-01   4.49151162E-01
   1.00000000E+00   1.00000000E+00
t=  1.00000E+00, nstep= 102, cpu=     0.5
  -3.38090783E-25  -1.74980610E-24
   8.86841304E-02  -3.71415798E-04
   1.77016094E-01   2.17001451E-05
   2.64881575E-01  -1.01400702E-04
   3.52216855E-01  -8.14417954E-05
   4.38901341E-01   1.90539579E-04
   5.24770139E-01  -2.50094664E-04
   6.09556563E-01   1.26670823E-04
   6.92868659E-01   3.05241467E-04
   7.73976367E-01  -1.05984594E-03
   8.50731484E-01   1.78775509E-03
   9.17657151E-01  -1.43546415E-03
   9.66894788E-01  -7.41007002E-04
   9.93593954E-01   1.49563162E-03
   9.95124345E-01   6.16911964E-03
   9.96074719E-01   1.62483622E-02
   9.96925731E-01   3.94974406E-02
   9.97781097E-01   9.77340333E-02
   9.98570278E-01   2.24460384E-01
   9.99297329E-01   4.80282302E-01
   1.00000000E+00   1.00000000E+00
t=  2.00000E+00, nstep= 138, cpu=     0.6
  -4.86939864E-25  -2.49087843E-24
   1.32264852E-01  -3.36442900E-04
   2.62961542E-01   8.19873472E-04
   3.90448079E-01  -5.12786672E-04
   5.13186441E-01  -1.85317770E-05
   6.30042427E-01   6.49986355E-04
   7.38808606E-01  -1.44292384E-03
   8.34236009E-01   1.57739395E-03
   9.09207928E-01  -8.66779040E-04
   9.60251549E-01   4.50764644E-04
   9.88220727E-01  -1.40535743E-03
   9.94226405E-01   1.63790370E-03
   9.95229386E-01   6.45430878E-03
   9.95956771E-01   1.47580015E-02
   9.96593475E-01   2.93052976E-02
   9.97193139E-01   5.51045045E-02
   9.97775674E-01   1.01069542E-01
   9.98358705E-01   1.84915450E-01
   9.98923975E-01   3.31269431E-01
   9.99467888E-01   5.79366842E-01
   1.00000000E+00   1.00000000E+00
t=  4.00000E+00, nstep= 184, cpu=     0.8
  -1.72718312E-25  -6.76019779E-24
   2.57664285E-01  -1.22926274E-03
   4.88357915E-01   1.14436936E-03
   6.70971993E-01   5.35492694E-04
   8.05636674E-01   4.00528275E-04
   9.01789074E-01  -1.07625832E-04
   9.63102328E-01  -9.34284691E-04
   9.92826850E-01   6.77284968E-05
   9.94388451E-01   2.75723841E-03
   9.95110161E-01   6.40396447E-03
   9.95701379E-01   1.21830324E-02
   9.96224132E-01   2.11496236E-02
   9.96703356E-01   3.47875101E-02
   9.97153052E-01   5.52547934E-02
   9.97582921E-01   8.57809561E-02
   9.98000513E-01   1.31317925E-01
   9.98410397E-01   1.99274941E-01
   9.98817591E-01   3.01418567E-01
   9.99218430E-01   4.52774890E-01
   9.99611775E-01   6.74720458E-01
   1.00000000E+00   1.00000000E+00
t=  6.00000E+00, nstep= 211, cpu=     0.9
  -1.64773832E-25  -7.17249904E-24
   3.50601954E-01  -1.42068160E-03
   6.29971781E-01   4.39964830E-04
   8.16974035E-01  -3.69810718E-04
   9.29224729E-01   1.42498531E-03
   9.82884997E-01   4.90008210E-05
   9.93438668E-01   2.02907942E-03
   9.94528803E-01   4.69288568E-03
   9.95267716E-01   9.10812233E-03
   9.95859889E-01   1.59948501E-02
   9.96367125E-01   2.62403845E-02
   9.96818612E-01   4.10061764E-02
   9.97231565E-01   6.18674837E-02
   9.97617181E-01   9.09832256E-02
   9.97983425E-01   1.31361667E-01
   9.98336363E-01   1.87263162E-01
   9.98680098E-01   2.64607102E-01
   9.99018384E-01   3.71965710E-01
   9.99350786E-01   5.19884141E-01
   9.99677483E-01   7.22527329E-01
   1.00000000E+00   1.00000000E+00
t=  8.00000E+00, nstep= 229, cpu=     1.0
  -1.13089478E-25   6.94840523E-24
   4.20946006E-01   1.43292119E-03
   7.24294532E-01   2.67318356E-05
   8.99731876E-01   1.38575348E-03
   9.78672321E-01  -2.00429836E-04
   9.93268275E-01   1.55416076E-03
   9.94418975E-01   4.02145364E-03
   9.95195371E-01   8.29630211E-03
   9.95807140E-01   1.50275689E-02
   9.96321443E-01   2.49735845E-02
   9.96770937E-01   3.90692715E-02
   9.97174648E-01   5.84959973E-02
   9.97545062E-01   8.47881677E-02
   9.97890902E-01   1.19965567E-01
   9.98218608E-01   1.66724316E-01
   9.98533162E-01   2.28709699E-01
   9.98838144E-01   3.10775558E-01
   9.99136651E-01   4.19588994E-01
   9.99429259E-01   5.63180511E-01
   9.99716623E-01   7.51953235E-01
   1.00000000E+00   1.00000000E+00
t=  1.00000E+01, nstep= 243, cpu=     1.0
  -8.27146310E-26  -7.04639191E-24
   4.74320365E-01  -1.39694487E-03
   7.88748877E-01   2.42182951E-04
   9.45161184E-01  -9.31192630E-04
   9.92988904E-01   6.79789386E-04
   9.94242194E-01   2.86567199E-03
   9.95041368E-01   6.60728743E-03
   9.95666057E-01   1.25538849E-02
   9.96189946E-01   2.14195549E-02
   9.96645377E-01   3.40125218E-02
   9.97050995E-01   5.12846013E-02
   9.97419150E-01   7.43944956E-02
   9.97758731E-01   1.04796306E-01
   9.98076403E-01   1.44347481E-01
   9.98377330E-01   1.95454432E-01
   9.98665627E-01   2.61270535E-01
   9.98944396E-01   3.45877831E-01
   9.99216282E-01   4.54690323E-01
   9.99482236E-01   5.94142127E-01
   9.99743100E-01   7.72359241E-01
   1.00000000E+00   1.00000000E+00
t=  5.00000E+02, nstep= 330, cpu=     1.4
  -1.04634862E-26   7.20739219E-24
   9.92911280E-01   1.44148038E-03
   9.94232705E-01   3.65929112E-03
   9.95085059E-01   7.75981772E-03
   9.95741694E-01   1.44624072E-02
   9.96278971E-01   2.44220844E-02
   9.96734200E-01   3.82823723E-02
   9.97129272E-01   5.66839031E-02
   9.97478283E-01   8.02663794E-02
   9.97790871E-01   1.09669153E-01
   9.98073932E-01   1.45531435E-01
   9.98332567E-01   1.88492357E-01
   9.98570660E-01   2.39190946E-01
   9.98791236E-01   2.98266087E-01
   9.98996695E-01   3.66356521E-01
   9.99188978E-01   4.44100904E-01
   9.99369673E-01   5.32137903E-01
   9.99540098E-01   6.31106338E-01
   9.99701358E-01   7.41645485E-01
   9.99854391E-01   8.64395722E-01
   1.00000000E+00   1.00000000E+00
