t=  0.00000E+00, nstep=   0, cpu=     0.0
   0.00000000E+00   0.00000000E+00
   5.00000000E-02   1.52588000E-21
   1.00000000E-01   1.00000000E-16
   1.50000000E-01   6.56841000E-14
   2.00000000E-01   6.55360000E-12
   2.50000000E-01   2.32831000E-10
   3.00000000E-01   4.30467000E-09
   3.50000000E-01   5.07094000E-08
   4.00000000E-01   4.29497000E-07
   4.50000000E-01   2.82749000E-06
   5.00000000E-01   1.52588000E-05
   5.50000000E-01   7.01137000E-05
   6.00000000E-01   2.82111000E-04
   6.50000000E-01   1.01535000E-03
   7.00000000E-01   3.32329000E-03
   7.50000000E-01   1.00226000E-02
   8.00000000E-01   2.81475000E-02
   8.50000000E-01   7.42511000E-02
   9.00000000E-01   1.85302000E-01
   9.50000000E-01   4.40127000E-01
   1.00000000E+00   1.00000000E+00
t=  2.00000E-01, nstep=  85, cpu=     0.4
  -1.22023078E-26  -5.75962865E-31
   6.52387266E-02  -1.24991021E-10
   1.30477453E-01   6.62146907E-11
   1.95716180E-01   8.40904593E-12
   2.60954907E-01  -2.48759291E-10
   3.26193633E-01   8.55069716E-10
   3.91432360E-01  -2.21867604E-09
   4.56671087E-01   6.08270901E-09
   5.21909813E-01   8.05413395E-09
   5.87148533E-01   3.16588956E-07
   6.52387048E-01   3.23381484E-06
   7.17620853E-01   2.73625421E-05
   7.82779930E-01   1.80008843E-04
   8.47081573E-01   9.66495246E-04
   9.05923383E-01   4.10314657E-03
   9.64041501E-01   1.36690989E-02
   9.95563249E-01   3.32501816E-02
   9.97395643E-01   8.83191726E-02
   9.98522277E-01   2.35973897E-01
   9.99344835E-01   5.21977375E-01
   1.00000000E+00   1.00000000E+00
t=  4.00000E-01, nstep= 147, cpu=     0.7
  -6.44907597E-27   4.83434121E-29
   8.30253045E-02   8.55835432E-09
   1.66050609E-01  -1.40884830E-08
   2.49075913E-01   2.10781499E-08
   3.32101218E-01  -1.96448844E-08
   4.15126522E-01  -3.55364731E-08
   4.98151824E-01   3.16542483E-07
   5.81177106E-01  -1.42647310E-06
   6.64202144E-01   5.37181351E-06
   7.47224404E-01  -1.84399507E-05
   8.30217956E-01   6.12059342E-05
   9.13019906E-01  -1.55276582E-04
   9.94027374E-01   6.62434563E-04
   9.95716094E-01   1.06335262E-02
   9.96788472E-01   3.59563331E-02
   9.97582417E-01   8.38411108E-02
   9.98221531E-01   1.63053195E-01
   9.98759664E-01   2.83503129E-01
   9.99224789E-01   4.55682885E-01
   9.99634251E-01   6.90610345E-01
   1.00000000E+00   1.00000000E+00
t=  6.00000E-01, nstep= 188, cpu=     0.9
  -1.49626677E-27   2.57977907E-28
   9.95252148E-02  -1.64977551E-08
   1.99050429E-01  -1.03475195E-07
   2.98575640E-01   3.84233392E-07
   3.98100830E-01  -1.00009918E-06
   4.97625878E-01   2.16057650E-06
   5.97150059E-01  -3.72857725E-06
   6.96669208E-01   3.59970399E-06
   7.96156548E-01   7.77752872E-06
   8.95419661E-01  -6.12645598E-05
   9.93685261E-01   2.12832883E-04
   9.95278442E-01   6.62937323E-03
   9.96301964E-01   2.18676465E-02
   9.97064844E-01   4.96642327E-02
   9.97678089E-01   9.42013824E-02
   9.98194523E-01   1.60279854E-01
   9.98641867E-01   2.53056432E-01
   9.99036560E-01   3.77855726E-01
   9.99389548E-01   5.40139709E-01
   9.99708718E-01   7.45557200E-01
   1.00000000E+00   1.00000000E+00
t=  8.00000E-01, nstep= 217, cpu=     1.0
  -1.32869025E-26  -1.17202618E-27
   1.18358146E-01  -3.07350605E-07
   2.36716270E-01   2.99849145E-07
   3.55074312E-01   2.27952085E-07
   4.73431968E-01  -3.04753108E-06
   5.91786235E-01   1.41364354E-05
   7.10101638E-01  -5.54639665E-05
   8.27960700E-01   2.13293862E-04
   9.40327359E-01  -8.31847867E-04
   9.93651655E-01   2.17215163E-03
   9.95188566E-01   8.02956258E-03
   9.96186275E-01   2.14540166E-02
   9.96933443E-01   4.55272557E-02
   9.97531369E-01   8.32851101E-02
   9.98029916E-01   1.37765049E-01
   9.98457726E-01   2.12065608E-01
   9.98832883E-01   3.09423788E-01
   9.99167442E-01   4.33246969E-01
   9.99469749E-01   5.87107596E-01
   9.99745790E-01   7.74732546E-01
   1.00000000E+00   1.00000000E+00
t=  1.00000E+00, nstep= 242, cpu=     1.1
  -1.27569855E-26   6.92604289E-28
   1.40978932E-01   6.49071518E-07
   2.81957579E-01   2.64895802E-07
   4.22935068E-01  -4.12917527E-06
   5.63904242E-01   1.72124848E-05
   7.04789749E-01  -6.42583142E-05
   8.44781624E-01   2.55146613E-04
   9.74459162E-01  -1.10761496E-03
   9.93686180E-01   2.56735856E-03
   9.95100010E-01   7.82330691E-03
   9.96045028E-01   1.91502094E-02
   9.96764126E-01   3.89629503E-02
   9.97345221E-01   6.96440020E-02
   9.97832814E-01   1.13579850E-01
   9.98252831E-01   1.73167869E-01
   9.98621780E-01   2.50830414E-01
   9.98950875E-01   3.49043900E-01
   9.99248084E-01   4.70365714E-01
   9.99519251E-01   6.17447939E-01
   9.99768766E-01   7.93041919E-01
   1.00000000E+00   1.00000000E+00
t=  2.00000E+00, nstep= 337, cpu=     1.5
  -1.07163508E-26  -3.22792658E-25
   2.78966743E-01  -1.16594906E-05
   5.56517488E-01   1.32250840E-04
   8.22354487E-01  -5.13027113E-04
   9.93123878E-01   1.31417402E-03
   9.94508664E-01   4.25068563E-03
   9.95409774E-01   1.01006439E-02
   9.96098178E-01   1.99852567E-02
   9.96657170E-01   3.49611874E-02
   9.97128074E-01   5.60756741E-02
   9.97534961E-01   8.43730852E-02
   9.97893181E-01   1.20896498E-01
   9.98213176E-01   1.66694403E-01
   9.98502409E-01   2.22831164E-01
   9.98766392E-01   2.90395231E-01
   9.99009305E-01   3.70502353E-01
   9.99234375E-01   4.64294995E-01
   9.99444136E-01   5.72940298E-01
   9.99640615E-01   6.97628201E-01
   9.99825452E-01   8.39570376E-01
   1.00000000E+00   1.00000000E+00
t=  4.00000E+00, nstep= 426, cpu=     2.0
   3.64243480E-28   3.32451872E-24
   9.92907798E-01  -1.08740693E-04
   9.94227566E-01   2.09703792E-03
   9.95079152E-01   6.17550561E-03
   9.95735359E-01   1.28414555E-02
   9.96272371E-01   2.27458669E-02
   9.96727418E-01   3.65281702E-02
   9.97122328E-01   5.48232369E-02
   9.97471153E-01   7.82625410E-02
   9.97783534E-01   1.07477199E-01
   9.98066407E-01   1.43103202E-01
   9.98324939E-01   1.85786465E-01
   9.98563076E-01   2.36185875E-01
   9.98783889E-01   2.94973989E-01
   9.98989806E-01   3.62835981E-01
   9.99182772E-01   4.40467635E-01
   9.99364366E-01   5.28573077E-01
   9.99535888E-01   6.27862648E-01
   9.99698418E-01   7.39051183E-01
   9.99852864E-01   8.62856770E-01
   1.00000000E+00   1.00000000E+00
t=  6.00000E+00, nstep= 435, cpu=     2.0
  -9.91806280E-27   7.06669951E-24
   9.92911240E-01   1.38519615E-03
   9.94232635E-01   3.60283734E-03
   9.95084985E-01   7.70320887E-03
   9.95741622E-01   1.44056462E-02
   9.96278901E-01   2.43651760E-02
   9.96734132E-01   3.82253292E-02
   9.97129206E-01   5.66267566E-02
   9.97478219E-01   8.02091965E-02
   9.97790811E-01   1.09612045E-01
   9.98073874E-01   1.45474542E-01
   9.98332512E-01   1.88435834E-01
   9.98570607E-01   2.39135036E-01
   9.98791186E-01   2.98211295E-01
   9.98996650E-01   3.66303850E-01
   9.99188939E-01   4.44052031E-01
   9.99369643E-01   5.32095197E-01
   9.99540078E-01   6.31072626E-01
   9.99701348E-01   7.41623390E-01
   9.99854389E-01   8.64386296E-01
   1.00000000E+00   1.00000000E+00
t=  8.00000E+00, nstep= 437, cpu=     2.0
  -1.05476489E-26   7.24976133E-24
   9.92911275E-01   1.45845473E-03
   9.94232703E-01   3.67626076E-03
   9.95085052E-01   7.77670026E-03
   9.95741684E-01   1.44790924E-02
   9.96278957E-01   2.44384304E-02
   9.96734183E-01   3.82982045E-02
   9.97129254E-01   5.66990158E-02
   9.97478263E-01   8.02805410E-02
   9.97790850E-01   1.09682101E-01
   9.98073910E-01   1.45542849E-01
   9.98332544E-01   1.88501846E-01
   9.98570636E-01   2.39198105E-01
   9.98791211E-01   2.98270641E-01
   9.98996671E-01   3.66358511E-01
   9.99188957E-01   4.44100830E-01
   9.99369656E-01   5.32136765E-01
   9.99540086E-01   6.31105499E-01
   9.99701353E-01   7.41646204E-01
   9.99854391E-01   8.64398011E-01
   1.00000000E+00   1.00000000E+00
t=  1.00000E+01, nstep= 438, cpu=     2.0
  -1.05615176E-26   7.21816607E-24
   9.92911270E-01   1.44580288E-03
   9.94232692E-01   3.66358290E-03
   9.95085042E-01   7.76401640E-03
   9.95741674E-01   1.44664267E-02
   9.96278949E-01   2.44258147E-02
   9.96734176E-01   3.82856797E-02
   9.97129247E-01   5.66866333E-02
   9.97478257E-01   8.02683656E-02
   9.97790846E-01   1.09670219E-01
   9.98073906E-01   1.45531393E-01
   9.98332542E-01   1.88491019E-01
   9.98570635E-01   2.39188194E-01
   9.98791212E-01   2.98261980E-01
   9.98996674E-01   3.66351402E-01
   9.99188961E-01   4.44095455E-01
   9.99369660E-01   5.32133116E-01
   9.99540091E-01   6.31103370E-01
   9.99701356E-01   7.41645232E-01
   9.99854393E-01   8.64397748E-01
   1.00000000E+00   1.00000000E+00
t=  5.00000E+02, nstep= 444, cpu=     2.0
  -1.04639372E-26   7.20704793E-24
   9.92911258E-01   1.44137148E-03
   9.94232674E-01   3.65911031E-03
   9.95085022E-01   7.75946725E-03
   9.95741653E-01   1.44617519E-02
   9.96278927E-01   2.44209538E-02
   9.96734154E-01   3.82805645E-02
   9.97129225E-01   5.66811934E-02
   9.97478235E-01   8.02625364E-02
   9.97790825E-01   1.09663953E-01
   9.98073886E-01   1.45524667E-01
   9.98332523E-01   1.88483847E-01
   9.98570618E-01   2.39180637E-01
   9.98791196E-01   2.98254166E-01
   9.98996660E-01   3.66343550E-01
   9.99188949E-01   4.44087878E-01
   9.99369651E-01   5.32126212E-01
   9.99540084E-01   6.31097586E-01
   9.99701352E-01   7.41641014E-01
   9.99854391E-01   8.64395496E-01
   1.00000000E+00   1.00000000E+00
