TIME =   0.00000E+00
   0.00000000E+00   0.00000000E+00
   2.50000000E-02   1.95664000E-02
   5.00000000E-02   3.87234200E-02
   7.50000000E-02   5.70713100E-02
   1.00000000E-01   7.42293700E-02
   1.25000000E-01   8.98448400E-02
   1.50000000E-01   1.03601200E-01
   1.75000000E-01   1.15225500E-01
   2.00000000E-01   1.24494900E-01
   2.25000000E-01   1.31241200E-01
   2.50000000E-01   1.35355300E-01
   2.75000000E-01   1.36789100E-01
   3.00000000E-01   1.35556500E-01
   3.25000000E-01   1.31732600E-01
   3.50000000E-01   1.25452000E-01
   3.75000000E-01   1.16904600E-01
   4.00000000E-01   1.06331300E-01
   4.25000000E-01   9.40175400E-02
   4.50000000E-01   8.02861100E-02
   4.75000000E-01   6.54893100E-02
   5.00000000E-01   5.00000000E-02
   5.25000000E-01   3.42024200E-02
   5.50000000E-01   1.84827100E-02
   5.75000000E-01   3.21944600E-03
   6.00000000E-01  -1.12256900E-02
   6.25000000E-01  -2.45167000E-02
   6.50000000E-01  -3.63513700E-02
   6.75000000E-01  -4.64686400E-02
   7.00000000E-01  -5.46548000E-02
   7.25000000E-01  -6.07485300E-02
   7.50000000E-01  -6.46446600E-02
   7.75000000E-01  -6.62964300E-02
   8.00000000E-01  -6.57163800E-02
   8.25000000E-01  -6.29757200E-02
   8.50000000E-01  -5.82021700E-02
   8.75000000E-01  -5.15765000E-02
   9.00000000E-01  -4.33276700E-02
   9.25000000E-01  -3.37267800E-02
   9.50000000E-01  -2.30799700E-02
   9.75000000E-01  -1.17204900E-02
   1.00000000E+00   0.00000000E+00
TIME =   2.00000E-01
   0.00000000E+00   0.00000000E+00
   6.20207803E-02   1.89187217E-02
   1.23656062E-01   3.75762132E-02
   1.84355051E-01   5.56547865E-02
   2.43350668E-01   7.27672147E-02
   2.99751599E-01   8.84949758E-02
   3.52696157E-01   1.02445372E-01
   4.01463918E-01   1.14290637E-01
   4.45514344E-01   1.23780578E-01
   4.84477360E-01   1.30739105E-01
   5.18124731E-01   1.35056395E-01
   5.46363575E-01   1.36690489E-01
   5.68993284E-01   1.35661903E-01
   5.86334975E-01   1.32238255E-01
   5.93824010E-01   1.28506378E-01
   5.94002081E-01   1.26715263E-01
   5.94103164E-01   1.23451686E-01
   5.94187097E-01   1.17386406E-01
   5.94263534E-01   1.06804862E-01
   5.94336470E-01   8.98239529E-02
   5.94410553E-01   6.46033806E-02
   5.94493767E-01   2.99297872E-02
   5.94572469E-01  -1.57579443E-03
   5.94644149E-01  -2.36797957E-02
   5.94716261E-01  -3.83589189E-02
   5.94791723E-01  -4.72939898E-02
   5.94874107E-01  -5.23531770E-02
   5.94970279E-01  -5.50352425E-02
   5.95149641E-01  -5.66440444E-02
   6.05885379E-01  -6.12857071E-02
   6.22928356E-01  -6.48214426E-02
   6.44908424E-01  -6.62652526E-02
   6.71544153E-01  -6.54795115E-02
   7.02586619E-01  -6.25198616E-02
   7.37738141E-01  -5.75165328E-02
   7.76545216E-01  -5.06701758E-02
   8.18364827E-01  -4.22570442E-02
   8.62386057E-01  -3.26232229E-02
   9.07754960E-01  -2.21479063E-02
   9.53768914E-01  -1.11813988E-02
   1.00000000E+00   0.00000000E+00
TIME =   4.00000E-01
   0.00000000E+00   0.00000000E+00
   9.18993748E-02   1.74118132E-02
   1.83178520E-01   3.46368952E-02
   2.72829014E-01   5.14105053E-02
   3.59247751E-01   6.73620946E-02
   4.40075348E-01   8.19734411E-02
   5.13005945E-01   9.48296278E-02
   5.73634276E-01   1.05059364E-01
   6.22842389E-01   1.13160130E-01
   6.50574015E-01   1.17482025E-01
   6.62865791E-01   1.19021063E-01
   6.63024686E-01   1.18717177E-01
   6.63129992E-01   1.18080886E-01
   6.63214052E-01   1.16929724E-01
   6.63285496E-01   1.15042129E-01
   6.63348421E-01   1.12155482E-01
   6.63405644E-01   1.07937722E-01
   6.63459531E-01   1.01929919E-01
   6.63512546E-01   9.34173371E-02
   6.63568109E-01   8.11040763E-02
   6.63633427E-01   6.19797859E-02
   6.63735521E-01   2.56729133E-02
   6.63817795E-01  -2.23096633E-03
   6.63877431E-01  -1.82763515E-02
   6.63930512E-01  -2.89955995E-02
   6.63982091E-01  -3.65143135E-02
   6.64034962E-01  -4.18582905E-02
   6.64091284E-01  -4.56246265E-02
   6.64153228E-01  -4.82112383E-02
   6.64223470E-01  -4.99114727E-02
   6.64305957E-01  -5.09574538E-02
   6.64408951E-01  -5.15437437E-02
   6.64564621E-01  -5.18330554E-02
   6.74350791E-01  -5.08222855E-02
   6.98910821E-01  -4.73548271E-02
   7.37220118E-01  -4.16871700E-02
   7.83090484E-01  -3.48022701E-02
   8.34667351E-01  -2.67147267E-02
   8.88922674E-01  -1.80542726E-02
   9.44304870E-01  -9.08021023E-03
   1.00000000E+00   0.00000000E+00
TIME =   6.00000E-01
   0.00000000E+00   0.00000000E+00
   1.08546028E-01   1.49160118E-02
   2.16339826E-01   2.96966510E-02
   3.22088135E-01   4.41350251E-02
   4.23608149E-01   5.78908175E-02
   5.17727874E-01   7.05450840E-02
   6.00382078E-01   8.14757441E-02
   6.67893107E-01   9.02714863E-02
   7.13869722E-01   9.64253352E-02
   7.28835496E-01   9.80556669E-02
   7.29027418E-01   9.77803259E-02
   7.29154930E-01   9.72506231E-02
   7.29255378E-01   9.63665422E-02
   7.29339571E-01   9.50231220E-02
   7.29413220E-01   9.30938547E-02
   7.29479850E-01   9.04219153E-02
   7.29541975E-01   8.68053274E-02
   7.29601743E-01   8.19650456E-02
   7.29661520E-01   7.54699590E-02
   7.29724907E-01   6.65256445E-02
   7.29800504E-01   5.31214133E-02
   7.29939046E-01   2.40740643E-02
   7.30033590E-01   5.41443894E-03
   7.30100284E-01  -5.32972261E-03
   7.30159461E-01  -1.28621888E-02
   7.30216528E-01  -1.84431487E-02
   7.30274221E-01  -2.26513765E-02
   7.30334545E-01  -2.58240495E-02
   7.30399463E-01  -2.81879688E-02
   7.30471348E-01  -2.99102668E-02
   7.30553543E-01  -3.11214419E-02
   7.30651350E-01  -3.19272368E-02
   7.30774705E-01  -3.24172649E-02
   7.30957862E-01  -3.26790911E-02
   7.37418163E-01  -3.21249535E-02
   7.63530174E-01  -2.86839177E-02
   8.03604355E-01  -2.40597020E-02
   8.49906346E-01  -1.84023258E-02
   8.99113468E-01  -1.23888261E-02
   9.49405792E-01  -6.22385514E-03
   1.00000000E+00   0.00000000E+00
TIME =   8.00000E-01
   0.00000000E+00   0.00000000E+00
   1.24864946E-01   1.34580589E-02
   2.48860433E-01   2.68059476E-02
   3.70470135E-01   3.98542829E-02
   4.87171973E-01   5.23437999E-02
   5.94891019E-01   6.37316865E-02
   6.89171813E-01   7.38202510E-02
   7.58174648E-01   8.08071854E-02
   7.93625333E-01   8.45032494E-02
   7.93852068E-01   8.42656120E-02
   7.93988454E-01   8.38952514E-02
   7.94099345E-01   8.33141178E-02
   7.94196203E-01   8.24411836E-02
   7.94283142E-01   8.11899189E-02
   7.94362621E-01   7.94642513E-02
   7.94436600E-01   7.71513859E-02
   7.94506907E-01   7.41086943E-02
   7.94575467E-01   7.01391073E-02
   7.94644703E-01   6.49366235E-02
   7.94718602E-01   5.79325528E-02
   7.94807199E-01   4.76472657E-02
   7.94988030E-01   2.32900497E-02
   7.95092150E-01   1.02716707E-02
   7.95166864E-01   2.50223177E-03
   7.95233425E-01  -3.12324151E-03
   7.95297349E-01  -7.41664704E-03
   7.95361361E-01  -1.07528696E-02
   7.95427350E-01  -1.33523628E-02
   7.95497009E-01  -1.53644224E-02
   7.95572180E-01  -1.68998153E-02
   7.95655191E-01  -1.80460298E-02
   7.95749386E-01  -1.88751200E-02
   7.95860196E-01  -1.94479692E-02
   7.95998741E-01  -1.98183476E-02
   7.96209520E-01  -2.00414084E-02
   8.03859237E-01  -1.95105151E-02
   8.31294981E-01  -1.64955715E-02
   8.70094908E-01  -1.28084901E-02
   9.12462599E-01  -8.65678963E-03
   9.56082648E-01  -4.32149451E-03
   1.00000000E+00   0.00000000E+00
TIME =   1.00000E+00
   0.00000000E+00   0.00000000E+00
   1.37521785E-01   1.21923453E-02
   2.74086447E-01   2.42959056E-02
   4.07980108E-01   3.61200165E-02
   5.36471477E-01   4.74794018E-02
   6.54377848E-01   5.77978445E-02
   7.57127288E-01   6.67525547E-02
   8.30227767E-01   7.33514526E-02
   8.57653074E-01   7.54407346E-02
   8.57914363E-01   7.51995741E-02
   8.58080506E-01   7.48104591E-02
   8.58212814E-01   7.42157766E-02
   8.58325349E-01   7.33615243E-02
   8.58424565E-01   7.21898881E-02
   8.58514500E-01   7.06332805E-02
   8.58598077E-01   6.86082806E-02
   8.58677692E-01   6.60064710E-02
   8.58755650E-01   6.26763772E-02
   8.58834731E-01   5.83817310E-02
   8.58919466E-01   5.26818491E-02
   8.59021362E-01   4.44168001E-02
   8.59248917E-01   2.32494053E-02
   8.59360570E-01   1.37070342E-02
   8.59442794E-01   7.77173661E-03
   8.59516313E-01   3.36933480E-03
   8.59586647E-01  -5.97654363E-05
   8.59656491E-01  -2.77900879E-03
   8.59727642E-01  -4.94519837E-03
   8.59801593E-01  -6.66521054E-03
   8.59879823E-01  -8.01861428E-03
   8.59964023E-01  -9.06844227E-03
   8.60056396E-01  -9.86696615E-03
   8.60160245E-01  -1.04590259E-02
   8.60281453E-01  -1.08839387E-02
   8.60433707E-01  -1.11770231E-02
   8.60674334E-01  -1.13735519E-02
   8.71969141E-01  -1.07414347E-02
   8.98820078E-01  -8.32305336E-03
   9.31434536E-01  -5.61392027E-03
   9.65578156E-01  -2.85081947E-03
   1.00000000E+00   0.00000000E+00
TIME =   1.20000E+00
   0.00000000E+00   0.00000000E+00
   1.51925149E-01   1.14398817E-02
   3.02792735E-01   2.27992678E-02
   4.50696472E-01   3.39053121E-02
   5.92634185E-01   4.45532608E-02
   7.22886777E-01   5.43413455E-02
   8.34724929E-01   6.24866170E-02
   9.05958944E-01   6.81076894E-02
   9.21385440E-01   6.90152536E-02
   9.21678005E-01   6.87740065E-02
   9.21862435E-01   6.84057929E-02
   9.22009661E-01   6.78610656E-02
   9.22135739E-01   6.70933705E-02
   9.22247614E-01   6.60541141E-02
   9.22349488E-01   6.46882343E-02
   9.22444426E-01   6.29291035E-02
   9.22535010E-01   6.06904629E-02
   9.22623789E-01   5.78513115E-02
   9.22713872E-01   5.42220093E-02
   9.22810324E-01   4.94478168E-02
   9.22925997E-01   4.25913163E-02
   9.23203216E-01   2.37973709E-02
   9.23321841E-01   1.64354305E-02
   9.23411151E-01   1.16881911E-02
   9.23491133E-01   8.10195859E-03
   9.23567299E-01   5.26641231E-03
   9.23642333E-01   2.98414873E-03
   9.23717957E-01   1.13626421E-03
   9.23795516E-01  -3.58713918E-04
   9.23876227E-01  -1.56146673E-03
   9.23961336E-01  -2.51990712E-03
   9.24052269E-01  -3.27357135E-03
   9.24150880E-01  -3.85633830E-03
   9.24260083E-01  -4.29841453E-03
   9.24385868E-01  -4.62807067E-03
   9.24545050E-01  -4.87296431E-03
   9.24817176E-01  -5.06193152E-03
   9.35797527E-01  -4.59704626E-03
   9.55149738E-01  -3.24517670E-03
   9.77326561E-01  -1.55609659E-03
   1.00000000E+00   0.00000000E+00
TIME =   1.40000E+00
   0.00000000E+00   0.00000000E+00
   1.67474660E-01   1.09605010E-02
   3.33783522E-01   2.18419957E-02
   4.96828513E-01   3.24978940E-02
   6.53250369E-01   4.26722083E-02
   7.96412174E-01   5.21080504E-02
   9.14777545E-01   5.95183961E-02
   9.79376895E-01   6.40177708E-02
   9.84911145E-01   6.41146109E-02
   9.85217901E-01   6.38684760E-02
   9.85414191E-01   6.35130410E-02
   9.85572011E-01   6.30058412E-02
   9.85708323E-01   6.23070529E-02
   9.85830267E-01   6.13753538E-02
   9.85942080E-01   6.01642540E-02
   9.86046851E-01   5.86179645E-02
   9.86147219E-01   5.66648135E-02
   9.86245850E-01   5.42046896E-02
   9.86346063E-01   5.10809016E-02
   9.86453326E-01   4.70006871E-02
   9.86581501E-01   4.11927423E-02
   9.86905140E-01   2.44080555E-02
   9.87028753E-01   1.85179461E-02
   9.87122953E-01   1.46105139E-02
   9.87206961E-01   1.16150173E-02
   9.87286218E-01   9.21608669E-03
   9.87363314E-01   7.25939446E-03
   9.87439807E-01   5.65128380E-03
   9.87516784E-01   4.32742876E-03
   9.87595085E-01   3.23994042E-03
   9.87675415E-01   2.35108600E-03
   9.87758415E-01   1.62984021E-03
   9.87844736E-01   1.04978414E-03
   9.87935207E-01   5.87653010E-04
   9.88031290E-01   2.22077760E-04
   9.88136606E-01  -6.80596509E-05
   9.88262530E-01  -3.06470825E-04
   9.88463964E-01  -5.31565466E-04
   9.90177479E-01  -8.13955944E-04
   9.94834433E-01  -2.69901870E-04
   1.00000000E+00   0.00000000E+00
TIME =   1.42600E+00
   0.00000000E+00   0.00000000E+00
   1.69539803E-01   1.09100927E-02
   3.37899402E-01   2.17411240E-02
   5.02955383E-01   3.23499928E-02
   6.61293467E-01   4.24733055E-02
   8.06113366E-01   5.18682673E-02
   9.25140148E-01   5.91871628E-02
   9.88776362E-01   6.35521128E-02
   9.93151591E-01   6.35634150E-02
   9.93453855E-01   6.33173198E-02
   9.93649409E-01   6.29650216E-02
   9.93807323E-01   6.24651452E-02
   9.93944104E-01   6.17790047E-02
   9.94066732E-01   6.08664409E-02
   9.94179356E-01   5.96822798E-02
   9.94285014E-01   5.81723442E-02
   9.94386316E-01   5.62670930E-02
   9.94485911E-01   5.38694719E-02
   9.94587111E-01   5.08276764E-02
   9.94695382E-01   4.68582749E-02
   9.94824571E-01   4.12154134E-02
   9.95150982E-01   2.48356769E-02
   9.95273180E-01   1.91562923E-02
   9.95365793E-01   1.53775434E-02
   9.95447744E-01   1.24757890E-02
   9.95524318E-01   1.01481500E-02
   9.95597937E-01   8.24614767E-03
   9.95669944E-01   6.67960149E-03
   9.95741147E-01   5.38654903E-03
   9.95812024E-01   4.32084814E-03
   9.95882815E-01   3.44612802E-03
   9.95953558E-01   2.73246063E-03
   9.96024131E-01   2.15432346E-03
   9.96094338E-01   1.68917399E-03
   9.96164167E-01   1.31617528E-03
   9.96234506E-01   1.01444191E-03
   9.96309275E-01   7.59705954E-04
   9.96405123E-01   5.11278473E-04
   9.96634065E-01   1.53191066E-04
   9.98130796E-01  -1.61714854E-04
   1.00000000E+00   0.00000000E+00
TIME =   1.42800E+00
   0.00000000E+00   0.00000000E+00
   1.69698857E-01   1.09062979E-02
   3.38216398E-01   2.17335286E-02
   5.03427258E-01   3.23388587E-02
   6.61912840E-01   4.24583221E-02
   8.06859878E-01   5.18501629E-02
   9.25936000E-01   5.91620804E-02
   9.89498449E-01   6.35168369E-02
   9.93785723E-01   6.35216194E-02
   9.94087515E-01   6.32754910E-02
   9.94282977E-01   6.29234545E-02
   9.94440890E-01   6.24242017E-02
   9.94577714E-01   6.17391315E-02
   9.94700408E-01   6.08281777E-02
   9.94813112E-01   5.96462734E-02
   9.94918858E-01   5.81393738E-02
   9.95020252E-01   5.62381128E-02
   9.95119942E-01   5.38456870E-02
   9.95221240E-01   5.08106946E-02
   9.95329612E-01   4.68504749E-02
   9.95458908E-01   4.12212853E-02
   9.95785567E-01   2.48770598E-02
   9.95907662E-01   1.92150398E-02
   9.96000149E-01   1.54470579E-02
   9.96081928E-01   1.25532031E-02
   9.96158274E-01   1.02316043E-02
   9.96231594E-01   8.33425877E-03
   9.96303213E-01   6.77127087E-03
   9.96373914E-01   5.48087295E-03
   9.96444149E-01   4.41706833E-03
   9.96514118E-01   3.54360169E-03
   9.96583818E-01   2.83064116E-03
   9.96653073E-01   2.25274748E-03
   9.96721632E-01   1.78745201E-03
   9.96789407E-01   1.41398324E-03
   9.96857161E-01   1.11150769E-03
   9.96928471E-01   8.55774557E-04
   9.97018435E-01   6.06070104E-04
   9.97219929E-01   2.49412161E-04
   9.98403902E-01  -1.39607071E-04
   1.00000000E+00   0.00000000E+00
TIME =   1.43000E+00
   0.00000000E+00   0.00000000E+00
   1.69857930E-01   1.09025142E-02
   3.38533435E-01   2.17259553E-02
   5.03899192E-01   3.23277573E-02
   6.62532279E-01   4.24433814E-02
   8.07606391E-01   5.18321040E-02
   9.26731641E-01   5.91370523E-02
   9.90220413E-01   6.34816362E-02
   9.94419921E-01   6.34799396E-02
   9.94721221E-01   6.32338309E-02
   9.94916583E-01   6.28821226E-02
   9.95074495E-01   6.23835861E-02
   9.95211360E-01   6.16997132E-02
   9.95334118E-01   6.07905386E-02
   9.95446899E-01   5.96111115E-02
   9.95552729E-01   5.81075295E-02
   9.95654211E-01   5.62106145E-02
   9.95753991E-01   5.38238330E-02
   9.95855380E-01   5.07962147E-02
   9.95963842E-01   4.68459243E-02
   9.96093224E-01   4.12314769E-02
   9.96420024E-01   2.49261587E-02
   9.96541939E-01   1.92826185E-02
   9.96634215E-01   1.55261625E-02
   9.96715725E-01   1.26407930E-02
   9.96791726E-01   1.03257034E-02
   9.96864602E-01   8.43339526E-03
   9.96935652E-01   6.87427474E-03
   9.97005628E-01   5.58678054E-03
   9.97074939E-01   4.52506967E-03
   9.97143737E-01   3.65300837E-03
   9.97211959E-01   2.94086528E-03
   9.97279367E-01   2.36328723E-03
   9.97345638E-01   1.89788097E-03
   9.97410603E-01   1.52394019E-03
   9.97474889E-01   1.22067988E-03
   9.97541687E-01   9.63851323E-04
   9.97624365E-01   7.12629045E-04
   9.97799518E-01   3.55582879E-04
   9.98674323E-01  -9.64047813E-05
   1.00000000E+00   0.00000000E+00
TIME =   1.43200E+00
   0.00000000E+00   0.00000000E+00
   1.70016977E-01   1.08987387E-02
   3.38850419E-01   2.17183980E-02
   5.04371048E-01   3.23166795E-02
   6.63151602E-01   4.24284713E-02
   8.08352679E-01   5.18140758E-02
   9.27526789E-01   5.91120614E-02
   9.90941962E-01   6.34464855E-02
   9.95054001E-01   6.34384828E-02
   9.95354771E-01   6.31926152E-02
   9.95550027E-01   6.28415014E-02
   9.95707932E-01   6.23440378E-02
   9.95844832E-01   6.16618428E-02
   9.95967645E-01   6.07550825E-02
   9.96080491E-01   5.95789556E-02
   9.96186391E-01   5.80797408E-02
   9.96287943E-01   5.61884974E-02
   9.96387790E-01   5.38090301E-02
   9.96489240E-01   5.07909078E-02
   9.96597752E-01   4.68533225E-02
   9.96727155E-01   4.12575825E-02
   9.97053759E-01   2.50032387E-02
   9.97175268E-01   1.93822654E-02
   9.97267099E-01   1.56400833E-02
   9.97348070E-01   1.27653142E-02
   9.97423405E-01   1.04584286E-02
   9.97495454E-01   8.57253773E-03
   9.97565475E-01   7.01841312E-03
   9.97634169E-01   5.73474350E-03
   9.97701884E-01   4.67587171E-03
   9.97768703E-01   3.80581037E-03
   9.97834489E-01   3.09494857E-03
   9.97898928E-01   2.51803570E-03
   9.97961625E-01   2.05276802E-03
   9.98022338E-01   1.67851684E-03
   9.98081557E-01   1.37455535E-03
   9.98142033E-01   1.11663640E-03
   9.98215104E-01   8.63754260E-04
   9.98361239E-01   5.04673754E-04
   9.98953791E-01   5.23766771E-07
   1.00000000E+00   0.00000000E+00
TIME =   1.43400E+00
   0.00000000E+00   0.00000000E+00
   1.70175976E-01   1.08949697E-02
   3.39167306E-01   2.17108536E-02
   5.04842757E-01   3.23056210E-02
   6.63770718E-01   4.24135858E-02
   8.09098631E-01   5.17960711E-02
   9.28321308E-01   5.90870993E-02
   9.91662959E-01   6.34113728E-02
   9.95687898E-01   6.33972882E-02
   9.95988090E-01   6.31519290E-02
   9.96183225E-01   6.28017361E-02
   9.96341111E-01   6.23057831E-02
   9.96478032E-01   6.16258555E-02
   9.96600883E-01   6.07222892E-02
   9.96713774E-01   5.95504726E-02
   9.96819720E-01   5.80569131E-02
   9.96921315E-01   5.61729680E-02
   9.97021196E-01   5.38028647E-02
   9.97122666E-01   5.07968435E-02
   9.97231172E-01   4.68753729E-02
   9.97360505E-01   4.13032154E-02
   9.97686471E-01   2.51147784E-02
   9.97807281E-01   1.95214225E-02
   9.97898362E-01   1.57969125E-02
   9.97978447E-01   1.29353592E-02
   9.98052711E-01   1.06387736E-02
   9.98123452E-01   8.76100618E-03
   9.98191868E-01   7.21327342E-03
   9.98258589E-01   5.93456847E-03
   9.98323886E-01   4.87946057E-03
   9.98387756E-01   4.01214077E-03
   9.98449973E-01   3.30314517E-03
   9.98510148E-01   2.72734884E-03
   9.98567829E-01   2.26255870E-03
   9.98622726E-01   1.88824395E-03
   9.98675217E-01   1.58375516E-03
   9.98727581E-01   1.32486135E-03
   9.98788899E-01   1.07035175E-03
   9.98903034E-01   7.08234430E-04
   9.99261912E-01   1.64468383E-04
   1.00000000E+00   0.00000000E+00
TIME =   1.43600E+00
   0.00000000E+00   0.00000000E+00
   1.70334955E-01   1.08912092E-02
   3.39484155E-01   2.17033259E-02
   5.05314410E-01   3.22945873E-02
   6.64389748E-01   4.23987325E-02
   8.09844394E-01   5.17780991E-02
   9.29115391E-01   5.90621778E-02
   9.92383640E-01   6.33763161E-02
   9.96321839E-01   6.33562225E-02
   9.96621395E-01   6.31113697E-02
   9.96816370E-01   6.27621295E-02
   9.96974200E-01   6.22677426E-02
   9.97111107E-01   6.15901643E-02
   9.97233964E-01   6.06899043E-02
   9.97346868E-01   5.95225459E-02
   9.97452828E-01   5.80348327E-02
   9.97554431E-01   5.61584293E-02
   9.97654310E-01   5.37979999E-02
   9.97755757E-01   5.08044793E-02
   9.97864201E-01   4.68996574E-02
   9.97993383E-01   4.13518798E-02
   9.98318346E-01   2.52326732E-02
   9.98438225E-01   1.96679365E-02
   9.98528317E-01   1.59618070E-02
   9.98607242E-01   1.31140186E-02
   9.98680109E-01   1.08281690E-02
   9.98749149E-01   8.95887274E-03
   9.98815484E-01   7.41780694E-03
   9.98879661E-01   6.14428091E-03
   9.98941855E-01   5.09310010E-03
   9.99001969E-01   4.22864327E-03
   9.99059691E-01   3.52160317E-03
   9.99114573E-01   2.94699134E-03
   9.99166143E-01   2.48273785E-03
   9.99214121E-01   2.10842407E-03
   9.99258837E-01   1.80349431E-03
   9.99302158E-01   1.54375558E-03
   9.99351021E-01   1.28783638E-03
   9.99435481E-01   9.23030831E-04
   9.99632592E-01   3.55320703E-04
   1.00000000E+00   0.00000000E+00
TIME =   1.43800E+00
   0.00000000E+00   0.00000000E+00
   1.70494035E-01   1.08874647E-02
   3.39801204E-01   2.16958302E-02
   5.05786360E-01   3.22836007E-02
   6.65009157E-01   4.23839414E-02
   8.10590551E-01   5.17601963E-02
   9.29909783E-01   5.90373419E-02
   9.93104864E-01   6.33413836E-02
   9.96956450E-01   6.33148951E-02
   9.97255312E-01   6.30698836E-02
   9.97450033E-01   6.27208660E-02
   9.97607713E-01   6.22271067E-02
   9.97744522E-01   6.15506370E-02
   9.97867312E-01   6.06520575E-02
   9.97980164E-01   5.94870611E-02
   9.98086075E-01   5.80025294E-02
   9.98187624E-01   5.61303117E-02
   9.98287434E-01   5.37753392E-02
   9.98388786E-01   5.07889780E-02
   9.98497083E-01   4.68938519E-02
   9.98625991E-01   4.13606223E-02
   9.98949329E-01   2.52833864E-02
   9.99067788E-01   1.97376558E-02
   9.99156300E-01   1.60435399E-02
   9.99233283E-01   1.32046110E-02
   9.99303694E-01   1.09255314E-02
   9.99369588E-01   9.06142252E-03
   9.99431877E-01   7.52426413E-03
   9.99490859E-01   6.25357092E-03
   9.99546445E-01   5.20429987E-03
   9.99598293E-01   4.34094980E-03
   9.99645928E-01   3.63431626E-03
   9.99688886E-01   3.05950727E-03
   9.99726868E-01   2.59455046E-03
   9.99759907E-01   2.21912517E-03
   9.99788562E-01   1.91275495E-03
   9.99814278E-01   1.65124533E-03
   9.99840829E-01   1.39291054E-03
   9.99880747E-01   1.02324223E-03
   9.99947823E-01   4.39331415E-04
   1.00000000E+00   0.00000000E+00
TIME =   1.44000E+00
   0.00000000E+00   0.00000000E+00
   1.70653206E-01   1.08837357E-02
   3.40118434E-01   2.16883651E-02
   5.06258578E-01   3.22726593E-02
   6.65628907E-01   4.23692097E-02
   8.11337053E-01   5.17423597E-02
   9.30704402E-01   5.90125849E-02
   9.93826442E-01   6.33065682E-02
   9.97591250E-01   6.32732428E-02
   9.97889351E-01   6.30273989E-02
   9.98083640E-01   6.26777710E-02
   9.98240936E-01   6.21835451E-02
   9.98377361E-01   6.15067314E-02
   9.98499731E-01   6.06079300E-02
   9.98612090E-01   5.94428477E-02
   9.98717394E-01   5.79583939E-02
   9.98818162E-01   5.60864656E-02
   9.98916925E-01   5.37320755E-02
   9.99016796E-01   5.07467405E-02
   9.99122811E-01   4.68534199E-02
   9.99247494E-01   4.13238957E-02
   9.99542046E-01   2.52714516E-02
   9.99637980E-01   1.97355423E-02
   9.99702837E-01   1.60473799E-02
   9.99753562E-01   1.32125296E-02
   9.99794920E-01   1.09362380E-02
   9.99829172E-01   9.07392914E-03
   9.99857689E-01   7.53778373E-03
   9.99881433E-01   6.26747240E-03
   9.99901145E-01   5.21808676E-03
   9.99917429E-01   4.35424823E-03
   9.99930796E-01   3.64686499E-03
   9.99941694E-01   3.07114685E-03
   9.99950525E-01   2.60520987E-03
   9.99957666E-01   2.22880168E-03
   9.99963501E-01   1.92148223E-03
   9.99968486E-01   1.65904472E-03
   9.99973413E-01   1.39968723E-03
   9.99980463E-01   1.02838788E-03
   9.99991607E-01   4.41621218E-04
   1.00000000E+00   0.00000000E+00
TIME =   1.44200E+00
   0.00000000E+00   0.00000000E+00
   1.70811204E-01   1.08799416E-02
   3.40433327E-01   2.16807695E-02
   5.06727318E-01   3.22615267E-02
   6.66244049E-01   4.23542179E-02
   8.12077682E-01   5.17242038E-02
   9.31490902E-01   5.89873793E-02
   9.94537265E-01   6.32711225E-02
   9.98214288E-01   6.32323284E-02
   9.98510395E-01   6.29852730E-02
   9.98700813E-01   6.26329771E-02
   9.98851392E-01   6.21348809E-02
   9.98978393E-01   6.14531152E-02
   9.99088886E-01   6.05482327E-02
   9.99186994E-01   5.93758047E-02
   9.99275589E-01   5.78825735E-02
   9.99356943E-01   5.60002548E-02
   9.99433093E-01   5.36336776E-02
   9.99506185E-01   5.06342109E-02
   9.99579172E-01   4.67249012E-02
   9.99658566E-01   4.11794673E-02
   9.99815863E-01   2.52675114E-02
   9.99859921E-01   1.97339964E-02
   9.99887603E-01   1.60464480E-02
   9.99908211E-01   1.32118857E-02
   9.99924428E-01   1.09357559E-02
   9.99937521E-01   9.07354551E-03
   9.99948225E-01   7.53746533E-03
   9.99957022E-01   6.26720374E-03
   9.99964259E-01   5.21786257E-03
   9.99970200E-01   4.35406692E-03
   9.99975054E-01   3.64672443E-03
   9.99979000E-01   3.07104310E-03
   9.99982190E-01   2.60513703E-03
   9.99984765E-01   2.22875070E-03
   9.99986866E-01   1.92143698E-03
   9.99988660E-01   1.65897718E-03
   9.99990434E-01   1.39957487E-03
   9.99992973E-01   1.02827419E-03
   9.99996983E-01   4.41570865E-04
   1.00000000E+00   0.00000000E+00
TIME =   1.44400E+00
   0.00000000E+00   0.00000000E+00
   1.70949664E-01   1.08749167E-02
   3.40709278E-01   2.16707088E-02
   5.07138103E-01   3.22467751E-02
   6.66782614E-01   4.23343351E-02
   8.12722055E-01   5.17001295E-02
   9.32148534E-01   5.89541447E-02
   9.95079108E-01   6.32242536E-02
   9.98663966E-01   6.32067033E-02
   9.98942213E-01   6.29647344E-02
   9.99096900E-01   6.26058512E-02
   9.99204506E-01   6.20993126E-02
   9.99290049E-01   6.14090226E-02
   9.99362660E-01   6.04950803E-02
   9.99426645E-01   5.93124926E-02
   9.99484587E-01   5.78075326E-02
   9.99538311E-01   5.59115264E-02
   9.99589329E-01   5.35289757E-02
   9.99639170E-01   5.05110088E-02
   9.99689941E-01   4.65807598E-02
   9.99746380E-01   4.10144010E-02
   9.99860711E-01   2.52747527E-02
   9.99893753E-01   1.97417084E-02
   9.99914635E-01   1.60531414E-02
   9.99930228E-01   1.32175726E-02
   9.99942523E-01   1.09405660E-02
   9.99952462E-01   9.07760835E-03
   9.99960594E-01   7.54089369E-03
   9.99967282E-01   6.27009320E-03
   9.99972787E-01   5.22029379E-03
   9.99977307E-01   4.35610804E-03
   9.99981003E-01   3.64843331E-03
   9.99984007E-01   3.07246936E-03
   9.99986438E-01   2.60632416E-03
   9.99988400E-01   2.22973811E-03
   9.99990002E-01   1.92226105E-03
   9.99991370E-01   1.65966884E-03
   9.99992721E-01   1.40014769E-03
   9.99994652E-01   1.02868939E-03
   9.99997704E-01   4.41748248E-04
   1.00000000E+00   0.00000000E+00
TIME =   1.44600E+00
   0.00000000E+00   0.00000000E+00
   1.71055048E-01   1.08678072E-02
   3.40919307E-01   2.16564723E-02
   5.07450778E-01   3.22258950E-02
   6.67191520E-01   4.23061636E-02
   8.13203289E-01   5.16660292E-02
   9.32586818E-01   5.89071978E-02
   9.95331025E-01   6.31580215E-02
   9.98819662E-01   6.31765441E-02
   9.99058204E-01   6.29296669E-02
   9.99179160E-01   6.25635616E-02
   9.99267525E-01   6.20513121E-02
   9.99339959E-01   6.13551944E-02
   9.99403374E-01   6.04345232E-02
   9.99460525E-01   5.92439253E-02
   9.99513103E-01   5.77294030E-02
   9.99562456E-01   5.58220438E-02
   9.99609794E-01   5.34261645E-02
   9.99656429E-01   5.03928126E-02
   9.99704270E-01   4.64453933E-02
   9.99757765E-01   4.08626407E-02
   9.99865967E-01   2.52768725E-02
   9.99897713E-01   1.97457693E-02
   9.99917802E-01   1.60572462E-02
   9.99932811E-01   1.32214643E-02
   9.99944649E-01   1.09441836E-02
   9.99954221E-01   9.08093646E-03
   9.99962054E-01   7.54392997E-03
   9.99968496E-01   6.27283909E-03
   9.99973798E-01   5.22275161E-03
   9.99978151E-01   4.35828005E-03
   9.99981709E-01   3.65032164E-03
   9.99984602E-01   3.07407634E-03
   9.99986940E-01   2.60765299E-03
   9.99988828E-01   2.23079393E-03
   9.99990369E-01   1.92305258E-03
   9.99991684E-01   1.66021251E-03
   9.99992985E-01   1.40048429E-03
   9.99994847E-01   1.02888662E-03
   9.99997787E-01   4.41827211E-04
   1.00000000E+00   0.00000000E+00
TIME =   1.44800E+00
   0.00000000E+00   0.00000000E+00
   1.71148176E-01   1.08599396E-02
   3.41104908E-01   2.16407162E-02
   5.07727092E-01   3.22027867E-02
   6.67552324E-01   4.22749700E-02
   8.13623660E-01   5.16282600E-02
   9.32942099E-01   5.88551377E-02
   9.95472518E-01   6.30847384E-02
   9.98868774E-01   6.31174612E-02
   9.99075986E-01   6.28661513E-02
   9.99189018E-01   6.24987156E-02
   9.99274320E-01   6.19837025E-02
   9.99345557E-01   6.12835388E-02
   9.99408017E-01   6.03575053E-02
   9.99464379E-01   5.91601804E-02
   9.99516356E-01   5.76374605E-02
   9.99565254E-01   5.57203077E-02
   9.99612236E-01   5.33129315E-02
   9.99658579E-01   5.02663591E-02
   9.99706160E-01   4.63043441E-02
   9.99759375E-01   4.07083376E-02
   9.99866164E-01   2.52724440E-02
   9.99897842E-01   1.97444125E-02
   9.99917895E-01   1.60567292E-02
   9.99932880E-01   1.32213734E-02
   9.99944699E-01   1.09443561E-02
   9.99954257E-01   9.08128179E-03
   9.99962079E-01   7.54438611E-03
   9.99968513E-01   6.27335818E-03
   9.99973809E-01   5.22329390E-03
   9.99978158E-01   4.35881102E-03
   9.99981715E-01   3.65081032E-03
   9.99984607E-01   3.07449457E-03
   9.99986946E-01   2.60797543E-03
   9.99988836E-01   2.23099972E-03
   9.99990378E-01   1.92313042E-03
   9.99991696E-01   1.66017207E-03
   9.99992996E-01   1.40037223E-03
   9.99994855E-01   1.02877877E-03
   9.99997791E-01   4.41778277E-04
   1.00000000E+00   0.00000000E+00
TIME =   1.45000E+00
   0.00000000E+00   0.00000000E+00
   1.71238532E-01   1.08519168E-02
   3.41284983E-01   2.16246478E-02
   5.07995181E-01   3.21792230E-02
   6.67902185E-01   4.22431488E-02
   8.14029797E-01   5.15897144E-02
   9.33276583E-01   5.88018774E-02
   9.95585231E-01   6.30099817E-02
   9.98889140E-01   6.30392775E-02
   9.99080422E-01   6.27883723E-02
   9.99191229E-01   6.24205593E-02
   9.99275827E-01   6.19032255E-02
   9.99346767E-01   6.11993523E-02
   9.99409056E-01   6.02683756E-02
   9.99465312E-01   5.90648541E-02
   9.99517226E-01   5.75346004E-02
   9.99566088E-01   5.56084824E-02
   9.99613051E-01   5.31906413E-02
   9.99659383E-01   5.01321386E-02
   9.99706955E-01   4.61571704E-02
   9.99760136E-01   4.05501115E-02
   9.99865967E-01   2.52621780E-02
   9.99897686E-01   1.97382789E-02
   9.99917771E-01   1.60521597E-02
   9.99932780E-01   1.32178015E-02
   9.99944618E-01   1.09415214E-02
   9.99954190E-01   9.07902277E-03
   9.99962024E-01   7.54258631E-03
   9.99968468E-01   6.27192666E-03
   9.99973772E-01   5.22215637E-03
   9.99978127E-01   4.35790508E-03
   9.99981688E-01   3.65008253E-03
   9.99984584E-01   3.07389828E-03
   9.99986927E-01   2.60746931E-03
   9.99988819E-01   2.23054699E-03
   9.99990363E-01   1.92270040E-03
   9.99991683E-01   1.65974721E-03
   9.99992985E-01   1.39996653E-03
   9.99994847E-01   1.02846214E-03
   9.99997787E-01   4.41640194E-04
   1.00000000E+00   0.00000000E+00
TIME =   1.45200E+00
   0.00000000E+00   0.00000000E+00
   1.71328212E-01   1.08438719E-02
   3.41463710E-01   2.16085337E-02
   5.08261261E-01   3.21555950E-02
   6.68249317E-01   4.22112293E-02
   8.14432030E-01   5.15510290E-02
   9.33604282E-01   5.87483104E-02
   9.95688356E-01   6.29349828E-02
   9.98896920E-01   6.29548098E-02
   9.99080757E-01   6.27065369E-02
   9.99191185E-01   6.23386641E-02
   9.99275888E-01   6.18192342E-02
   9.99346953E-01   6.11118800E-02
   9.99409340E-01   6.01762260E-02
   9.99465671E-01   5.89668284E-02
   9.99517648E-01   5.74294352E-02
   9.99566563E-01   5.54948407E-02
   9.99613573E-01   5.30671419E-02
   9.99659948E-01   4.99974679E-02
   9.99707554E-01   4.60105112E-02
   9.99760741E-01   4.03936730E-02
   9.99865707E-01   2.52501787E-02
   9.99897484E-01   1.97306951E-02
   9.99917610E-01   1.60463385E-02
   9.99932650E-01   1.32131379E-02
   9.99944512E-01   1.09377298E-02
   9.99954104E-01   9.07592262E-03
   9.99961954E-01   7.54004605E-03
   9.99968410E-01   6.26984290E-03
   9.99973724E-01   5.22044459E-03
   9.99978088E-01   4.35649463E-03
   9.99981655E-01   3.64891364E-03
   9.99984556E-01   3.07292008E-03
   9.99986902E-01   2.60663852E-03
   9.99988797E-01   2.22982728E-03
   9.99990344E-01   1.92206303E-03
   9.99991666E-01   1.65917464E-03
   9.99992971E-01   1.39946370E-03
   9.99994837E-01   1.02808466E-03
   9.99997783E-01   4.41477149E-04
   1.00000000E+00   0.00000000E+00
TIME =   1.45400E+00
   0.00000000E+00   0.00000000E+00
   1.71417833E-01   1.08358438E-02
   3.41642320E-01   2.15924520E-02
   5.08527162E-01   3.21320171E-02
   6.68596138E-01   4.21793674E-02
   8.14833416E-01   5.15123896E-02
   9.33929518E-01   5.86947201E-02
   9.95788363E-01   6.28601072E-02
   9.98898767E-01   6.28690266E-02
   9.99079260E-01   6.26240830E-02
   9.99190085E-01   6.22563185E-02
   9.99275250E-01   6.17349659E-02
   9.99346640E-01   6.10243164E-02
   9.99409249E-01   6.00841959E-02
   9.99465739E-01   5.88691716E-02
   9.99517835E-01   5.73249411E-02
   9.99566846E-01   5.53822405E-02
   9.99613935E-01   5.29451404E-02
   9.99660377E-01   4.98648617E-02
   9.99708037E-01   4.58666311E-02
   9.99761248E-01   4.02409407E-02
   9.99865407E-01   2.52379085E-02
   9.99897250E-01   1.97228464E-02
   9.99917422E-01   1.60402607E-02
   9.99932496E-01   1.32082284E-02
   9.99944386E-01   1.09337045E-02
   9.99954000E-01   9.07260245E-03
   9.99961867E-01   7.53730037E-03
   9.99968338E-01   6.26756919E-03
   9.99973664E-01   5.21855912E-03
   9.99978038E-01   4.35492759E-03
   9.99981614E-01   3.64760619E-03
   9.99984521E-01   3.07182250E-03
   9.99986873E-01   2.60570889E-03
   9.99988772E-01   2.22903081E-03
   9.99990323E-01   1.92137222E-03
   9.99991647E-01   1.65857147E-03
   9.99992955E-01   1.39894811E-03
   9.99994825E-01   1.02770288E-03
   9.99997778E-01   4.41312842E-04
   1.00000000E+00   0.00000000E+00
TIME =   2.00000E+00
   0.00000000E+00   0.00000000E+00
   1.81594251E-01   8.53812046E-03
   3.61891640E-01   1.69873882E-02
   5.38449108E-01   2.53121415E-02
   7.06422650E-01   3.31833505E-02
   8.56058756E-01   4.00758505E-02
   9.63852202E-01   4.53996617E-02
   9.98530424E-01   4.68587114E-02
   9.98764295E-01   4.66801420E-02
   9.98907410E-01   4.64206250E-02
   9.99020205E-01   4.60479943E-02
   9.99116008E-01   4.55339599E-02
   9.99200256E-01   4.48508300E-02
   9.99276023E-01   4.39696037E-02
   9.99345368E-01   4.28586059E-02
   9.99409826E-01   4.14819112E-02
   9.99470634E-01   3.97970040E-02
   9.99528888E-01   3.77507520E-02
   9.99585686E-01   3.52715035E-02
   9.99642344E-01   3.22507602E-02
   9.99700986E-01   2.84868023E-02
   9.99768674E-01   2.32935382E-02
   9.99819340E-01   1.88291632E-02
   9.99854736E-01   1.54432832E-02
   9.99881504E-01   1.27549580E-02
   9.99902586E-01   1.05713681E-02
   9.99919565E-01   8.77646335E-03
   9.99933409E-01   7.29281194E-03
   9.99944763E-01   6.06470758E-03
   9.99954087E-01   5.04970751E-03
   9.99961730E-01   4.21397895E-03
   9.99967972E-01   3.52953597E-03
   9.99973042E-01   2.97246144E-03
   9.99977139E-01   2.52161089E-03
   9.99980446E-01   2.15739528E-03
   9.99983145E-01   1.86001395E-03
   9.99985449E-01   1.60595488E-03
   9.99987727E-01   1.35465388E-03
   9.99990986E-01   9.95058121E-04
   9.99996130E-01   4.27270760E-04
   1.00000000E+00   0.00000000E+00
TIME =   4.00000E+00
   0.00000000E+00   0.00000000E+00
   2.16975766E-01   5.23112424E-03
   4.31925996E-01   1.04929218E-02
   6.39053525E-01   1.54428654E-02
   8.23379146E-01   1.98224828E-02
   9.52167295E-01   2.31953411E-02
   9.97378014E-01   2.41467737E-02
   9.97787872E-01   2.40110941E-02
   9.98012241E-01   2.38543292E-02
   9.98177567E-01   2.36698462E-02
   9.98314612E-01   2.34502676E-02
   9.98434999E-01   2.31885846E-02
   9.98544193E-01   2.28780849E-02
   9.98645207E-01   2.25120724E-02
   9.98739939E-01   2.20835754E-02
   9.98829730E-01   2.15850524E-02
   9.98915622E-01   2.10080645E-02
   9.98998495E-01   2.03428614E-02
   9.99079151E-01   1.95777991E-02
   9.99158384E-01   1.86984210E-02
   9.99237063E-01   1.76858115E-02
   9.99316296E-01   1.65127806E-02
   9.99396965E-01   1.51497862E-02
   9.99478367E-01   1.35952546E-02
   9.99557696E-01   1.19058308E-02
   9.99630575E-01   1.02064433E-02
   9.99693856E-01   8.62419139E-03
   9.99746904E-01   7.22902531E-03
   9.99790647E-01   6.03718887E-03
   9.99826467E-01   5.03722278E-03
   9.99855685E-01   4.20791196E-03
   9.99879430E-01   3.52631408E-03
   9.99898647E-01   2.97043265E-03
   9.99914166E-01   2.51916694E-03
   9.99926683E-01   2.15387411E-03
   9.99936825E-01   1.85715072E-03
   9.99945527E-01   1.60214719E-03
   9.99953999E-01   1.35357254E-03
   9.99966217E-01   9.94579040E-04
   9.99985505E-01   4.26951290E-04
   1.00000000E+00   0.00000000E+00
TIME =   6.00000E+00
   0.00000000E+00   0.00000000E+00
   2.37757568E-01   3.87053168E-03
   4.73210199E-01   7.65922622E-03
   6.97996675E-01   1.14781344E-02
   8.81797441E-01   1.42314967E-02
   9.79872299E-01   1.59586349E-02
   9.96343446E-01   1.60747768E-02
   9.96905046E-01   1.59531317E-02
   9.97211735E-01   1.58212273E-02
   9.97431254E-01   1.56774475E-02
   9.97608159E-01   1.55187139E-02
   9.97760403E-01   1.53417949E-02
   9.97896808E-01   1.51434906E-02
   9.98022276E-01   1.49206299E-02
   9.98139782E-01   1.46700115E-02
   9.98251280E-01   1.43883250E-02
   9.98358144E-01   1.40720578E-02
   9.98461415E-01   1.37173834E-02
   9.98561941E-01   1.33200202E-02
   9.98660470E-01   1.28750353E-02
   9.98757719E-01   1.23765549E-02
   9.98854438E-01   1.18172962E-02
   9.98951485E-01   1.11878237E-02
   9.99049842E-01   1.04759455E-02
   9.99150395E-01   9.66808692E-03
   9.99253118E-01   8.75747212E-03
   9.99355869E-01   7.76081770E-03
   9.99454143E-01   6.73015035E-03
   9.99543014E-01   5.73730118E-03
   9.99619571E-01   4.84017226E-03
   9.99683429E-01   4.06572896E-03
   9.99735719E-01   3.41624819E-03
   9.99778096E-01   2.88121365E-03
   9.99812298E-01   2.44452936E-03
   9.99839874E-01   2.08974656E-03
   9.99862219E-01   1.80074344E-03
   9.99881325E-01   1.55269426E-03
   9.99899839E-01   1.31162694E-03
   9.99926484E-01   9.63688097E-04
   9.99968468E-01   4.13740365E-04
   1.00000000E+00   0.00000000E+00
TIME =   8.00000E+00
   0.00000000E+00   0.00000000E+00
   2.56922319E-01   3.17864896E-03
   5.10170528E-01   6.16943457E-03
   7.43490973E-01   9.22803519E-03
   9.15439701E-01   1.12253057E-02
   9.95494305E-01   1.21465499E-02
   9.96347604E-01   1.19756722E-02
   9.96691283E-01   1.18388318E-02
   9.96929357E-01   1.17044851E-02
   9.97117935E-01   1.15673289E-02
   9.97278130E-01   1.14243097E-02
   9.97420281E-01   1.12730783E-02
   9.97550221E-01   1.11115758E-02
   9.97671553E-01   1.09378649E-02
   9.97786655E-01   1.07500416E-02
   9.97897175E-01   1.05461783E-02
   9.98004309E-01   1.03242774E-02
   9.98108967E-01   1.00822223E-02
   9.98211881E-01   9.81771877E-03
   9.98313674E-01   9.52821883E-03
   9.98414921E-01   9.21081408E-03
   9.98516194E-01   8.86208007E-03
   9.98618121E-01   8.47782648E-03
   9.98721444E-01   8.05270548E-03
   9.98827069E-01   7.57977912E-03
   9.98935963E-01   7.05074581E-03
   9.99048663E-01   6.45859273E-03
   9.99164241E-01   5.80473646E-03
   9.99279302E-01   5.10862214E-03
   9.99388296E-01   4.41022363E-03
   9.99485796E-01   3.75617479E-03
   9.99568927E-01   3.17908045E-03
   9.99637627E-01   2.69037236E-03
   9.99693534E-01   2.28585366E-03
   9.99738749E-01   1.95484018E-03
   9.99775418E-01   1.68420169E-03
   9.99806752E-01   1.45158717E-03
   9.99837082E-01   1.22541701E-03
   9.99880543E-01   8.99908687E-04
   9.99948770E-01   3.86497978E-04
   1.00000000E+00   0.00000000E+00
TIME =   1.00000E+01
   0.00000000E+00   0.00000000E+00
   2.61766621E-01   2.61214686E-03
   5.18702379E-01   5.05294643E-03
   7.52500562E-01   7.37556001E-03
   9.23147115E-01   9.22998897E-03
   9.94247415E-01   9.78847329E-03
   9.95191993E-01   9.69254497E-03
   9.95685953E-01   9.59183239E-03
   9.96029991E-01   9.48621450E-03
   9.96298422E-01   9.37543335E-03
   9.96522113E-01   9.25869816E-03
   9.96716832E-01   9.13497547E-03
   9.96891584E-01   9.00319229E-03
   9.97051902E-01   8.86232447E-03
   9.97201430E-01   8.71135453E-03
   9.97342724E-01   8.54920470E-03
   9.97477672E-01   8.37470848E-03
   9.97607718E-01   8.18660747E-03
   9.97733998E-01   7.98354726E-03
   9.97857445E-01   7.76405868E-03
   9.97978857E-01   7.52651579E-03
   9.98098964E-01   7.26905827E-03
   9.98218493E-01   6.98945501E-03
   9.98338235E-01   6.68487402E-03
   9.98459123E-01   6.35155018E-03
   9.98582263E-01   5.98451105E-03
   9.98708800E-01   5.57786188E-03
   9.98839501E-01   5.12635823E-03
   9.98973947E-01   4.62910146E-03
   9.99109264E-01   4.09625848E-03
   9.99239343E-01   3.55527438E-03
   9.99356968E-01   3.04393372E-03
   9.99457680E-01   2.59124710E-03
   9.99541015E-01   2.20762325E-03
   9.99608801E-01   1.89039832E-03
   9.99663781E-01   1.63023438E-03
   9.99710670E-01   1.40658331E-03
   9.99756059E-01   1.18855816E-03
   9.99821149E-01   8.73508449E-04
   9.99923255E-01   3.75636566E-04
   1.00000000E+00   0.00000000E+00
