t=  0.00000E+00, nstep=   0, cpu=     0.0
   0.00000000E+00   0.00000000E+00
   2.50000000E-02   1.95664013E-01
   5.00000000E-02   3.87234227E-01
   7.50000000E-02   5.70713182E-01
   1.00000000E-01   7.42293749E-01
   1.25000000E-01   8.98448497E-01
   1.50000000E-01   1.03601224E+00
   1.75000000E-01   1.15225581E+00
   2.00000000E-01   1.24494914E+00
   2.25000000E-01   1.31241236E+00
   2.50000000E-01   1.35355339E+00
   2.75000000E-01   1.36789132E+00
   3.00000000E-01   1.35556501E+00
   3.25000000E-01   1.31732661E+00
   3.50000000E-01   1.25452026E+00
   3.75000000E-01   1.16904655E+00
   4.00000000E-01   1.06331351E+00
   4.25000000E-01   9.40175460E-01
   4.50000000E-01   8.02861165E-01
   4.75000000E-01   6.54893132E-01
   5.00000000E-01   5.00000000E-01
   5.25000000E-01   3.42024202E-01
   5.50000000E-01   1.84827176E-01
   5.75000000E-01   3.21944605E-02
   6.00000000E-01  -1.12256994E-01
   6.25000000E-01  -2.45167015E-01
   6.50000000E-01  -3.63513732E-01
   6.75000000E-01  -4.64686442E-01
   7.00000000E-01  -5.46548019E-01
   7.25000000E-01  -6.07485358E-01
   7.50000000E-01  -6.46446609E-01
   7.75000000E-01  -6.62964316E-01
   8.00000000E-01  -6.57163890E-01
   8.25000000E-01  -6.29757242E-01
   8.50000000E-01  -5.82021745E-01
   8.75000000E-01  -5.15765065E-01
   9.00000000E-01  -4.33276755E-01
   9.25000000E-01  -3.37267818E-01
   9.50000000E-01  -2.30799762E-01
   9.75000000E-01  -1.17204917E-01
   1.00000000E+00   0.00000000E+00
t=  2.00000E-01, nstep=  90, cpu=     0.8
   3.14074624E-27  -1.35521272E-27
   6.45230114E-02   1.96813234E-01
   1.28099026E-01   3.89179813E-01
   1.89870910E-01   5.72773141E-01
   2.48923259E-01   7.43483683E-01
   3.05074285E-01   8.99362630E-01
   3.57638100E-01   1.03695966E+00
   4.05949360E-01   1.15317907E+00
   4.49566459E-01   1.24578880E+00
   4.88196073E-01   1.31310461E+00
   5.21436241E-01   1.35361250E+00
   5.48586936E-01   1.36681662E+00
   5.70355956E-01   1.35506937E+00
   5.88088840E-01   1.31692762E+00
   5.93774094E-01   1.28575732E+00
   5.93954943E-01   1.27281921E+00
   5.94065727E-01   1.24533634E+00
   5.94151985E-01   1.19487076E+00
   5.94227206E-01   1.10900632E+00
   5.94299170E-01   9.67407914E-01
   5.94377212E-01   7.28936575E-01
   5.94498536E-01   2.32704216E-01
   5.94590408E-01  -1.13019870E-01
   5.94662461E-01  -3.02963853E-01
   5.94732192E-01  -4.18875339E-01
   5.94806226E-01  -4.89428528E-01
   5.94890910E-01  -5.30669767E-01
   5.94996726E-01  -5.52921037E-01
   5.95178960E-01  -5.64410580E-01
   6.03948154E-01  -6.07276666E-01
   6.21367158E-01  -6.46114355E-01
   6.42563958E-01  -6.62052945E-01
   6.68004765E-01  -6.56904550E-01
   6.98334746E-01  -6.30209444E-01
   7.32962330E-01  -5.82745942E-01
   7.71267667E-01  -5.16650883E-01
   8.12777238E-01  -4.34321851E-01
   8.56934284E-01  -3.38538495E-01
   9.03170961E-01  -2.32294266E-01
   9.50981307E-01  -1.18551232E-01
   1.00000000E+00   2.98901764E-27
t=  4.00000E-01, nstep= 238, cpu=     2.1
   5.55708416E-28  -7.64820812E-28
   1.04050932E-01   1.97123281E-01
   2.06164129E-01   3.89603130E-01
   3.04653207E-01   5.73183961E-01
   3.97836400E-01   7.43859616E-01
   4.85156684E-01   8.99708170E-01
   5.64715313E-01   1.03637106E+00
   6.37052222E-01   1.15398433E+00
   6.62665797E-01   1.19150060E+00
   6.62862703E-01   1.19101413E+00
   6.63009032E-01   1.18840548E+00
   6.63115375E-01   1.18246017E+00
   6.63198331E-01   1.17194710E+00
   6.63266946E-01   1.15544959E+00
   6.63326282E-01   1.13126718E+00
   6.63379418E-01   1.09733633E+00
   6.63428490E-01   1.05105509E+00
   6.63475266E-01   9.88901263E-01
   6.63521581E-01   9.05559680E-01
   6.63570081E-01   7.91466917E-01
   6.63626975E-01   6.22357780E-01
   6.63784002E-01   6.58469416E-02
   6.63840098E-01  -1.04182219E-01
   6.63885924E-01  -2.15909417E-01
   6.63928928E-01  -2.98133206E-01
   6.63971699E-01  -3.60492847E-01
   6.64015841E-01  -4.08053214E-01
   6.64062745E-01  -4.44057513E-01
   6.64113933E-01  -4.70836362E-01
   6.64171382E-01  -4.90193456E-01
   6.64237977E-01  -5.03593801E-01
   6.64318331E-01  -5.12263529E-01
   6.64420329E-01  -5.17259363E-01
   6.64558058E-01  -5.19546067E-01
   6.64744610E-01  -5.20075020E-01
   6.69237463E-01  -5.14991284E-01
   7.26968442E-01  -4.32673345E-01
   7.89027763E-01  -3.38822254E-01
   8.56420521E-01  -2.32743703E-01
   9.27005221E-01  -1.18976444E-01
   1.00000000E+00   1.21546018E-27
t=  6.00000E-01, nstep= 299, cpu=     2.6
  -2.42875733E-27   1.03180721E-27
   1.43387453E-01   1.97002734E-01
   2.83822616E-01   3.89243846E-01
   4.18486075E-01   5.72088048E-01
   5.43813862E-01   7.40113748E-01
   6.58361777E-01   8.90959652E-01
   7.28591972E-01   9.80780577E-01
   7.28800010E-01   9.80502165E-01
   7.28967894E-01   9.79118611E-01
   7.29096878E-01   9.75999949E-01
   7.29199641E-01   9.70560321E-01
   7.29285201E-01   9.62154089E-01
   7.29359097E-01   9.50033815E-01
   7.29424802E-01   9.33330973E-01
   7.29484639E-01   9.11033335E-01
   7.29540326E-01   8.81927721E-01
   7.29593304E-01   8.44480050E-01
   7.29644984E-01   7.96595984E-01
   7.29697050E-01   7.35090733E-01
   7.29752148E-01   6.54237772E-01
   7.29816549E-01   5.39849612E-01
   7.30018876E-01   1.20498870E-01
   7.30080053E-01   1.05012691E-02
   7.30131622E-01  -6.73744182E-02
   7.30179904E-01  -1.27335368E-01
   7.30227365E-01  -1.74776458E-01
   7.30275510E-01  -2.12636172E-01
   7.30325544E-01  -2.42813229E-01
   7.30378650E-01  -2.66669215E-01
   7.30436173E-01  -2.85251965E-01
   7.30499806E-01  -2.99409468E-01
   7.30571855E-01  -3.09854062E-01
   7.30655644E-01  -3.17203894E-01
   7.30756250E-01  -3.22015748E-01
   7.30881783E-01  -3.24810292E-01
   7.31043960E-01  -3.26087750E-01
   7.31248038E-01  -3.26380537E-01
   7.41641797E-01  -3.14828979E-01
   8.22533995E-01  -2.17310899E-01
   9.08210063E-01  -1.12848507E-01
   1.00000000E+00   1.52459617E-26
t=  8.00000E-01, nstep= 333, cpu=     3.0
   5.76373960E-28  -1.10196850E-27
   1.81258757E-01   1.95361587E-01
   3.58484057E-01   3.85833923E-01
   5.26121840E-01   5.64864294E-01
   6.74641337E-01   7.21989672E-01
   7.93260298E-01   8.45899604E-01
   7.93499941E-01   8.45649682E-01
   7.93688658E-01   8.44616847E-01
   7.93838387E-01   8.42381726E-01
   7.93959902E-01   8.38567197E-01
   7.94062063E-01   8.32764724E-01
   7.94150742E-01   8.24504418E-01
   7.94229749E-01   8.13245980E-01
   7.94301656E-01   7.98371157E-01
   7.94368337E-01   7.79163115E-01
   7.94431301E-01   7.54760917E-01
   7.94491919E-01   7.24070816E-01
   7.94551627E-01   6.85591577E-01
   7.94612243E-01   6.37030052E-01
   7.94676712E-01   5.74263513E-01
   7.94751991E-01   4.87241539E-01
   7.94995797E-01   1.62693258E-01
   7.95066582E-01   7.99831980E-02
   7.95126739E-01   1.98309554E-02
   7.95182913E-01  -2.73136111E-02
   7.95237822E-01  -6.52635770E-02
   7.95293106E-01  -9.61145557E-02
   7.95350038E-01  -1.21218255E-01
   7.95409798E-01  -1.41538852E-01
   7.95473649E-01  -1.57813921E-01
   7.95543083E-01  -1.70637621E-01
   7.95619993E-01  -1.80508699E-01
   7.95706925E-01  -1.87861597E-01
   7.95807499E-01  -1.93088382E-01
   7.95927112E-01  -1.96553257E-01
   7.96073880E-01  -1.98601209E-01
   7.96258225E-01  -1.99567776E-01
   7.96495031E-01  -1.99820905E-01
   8.21801906E-01  -1.75789689E-01
   9.08354204E-01  -9.03729836E-02
   1.00000000E+00   7.81959923E-26
t=  1.00000E+00, nstep= 352, cpu=     3.2
   3.20796301E-27  -4.19120073E-27
   2.17120771E-01   1.92515756E-01
   4.29398604E-01   3.80308908E-01
   6.23805272E-01   5.51388165E-01
   8.03581523E-01   7.08712496E-01
   8.57267192E-01   7.54514117E-01
   8.57551955E-01   7.54219920E-01
   8.57768290E-01   7.53185321E-01
   8.57941047E-01   7.51044405E-01
   8.58082555E-01   7.47460375E-01
   8.58202097E-01   7.42085147E-01
   8.58305894E-01   7.34547686E-01
   8.58398161E-01   7.24443768E-01
   8.58481897E-01   7.11320709E-01
   8.58559368E-01   6.94651909E-01
   8.58632424E-01   6.73794340E-01
   8.58702735E-01   6.47915498E-01
   8.58772023E-01   6.15855194E-01
   8.58842425E-01   5.75823539E-01
   8.58917346E-01   5.24588796E-01
   8.59004700E-01   4.54319278E-01
   8.59289585E-01   1.91877264E-01
   8.59371023E-01   1.25312939E-01
   8.59440255E-01   7.63039348E-02
   8.59504608E-01   3.75540714E-02
   8.59567109E-01   6.08420530E-03
   8.59629538E-01  -1.97480894E-02
   8.59693203E-01  -4.10022618E-02
   8.59759250E-01  -5.84346804E-02
   8.59828831E-01  -7.26256535E-02
   8.59903241E-01  -8.40444992E-02
   8.59984062E-01  -9.30852338E-02
   8.60073349E-01  -1.00086844E-01
   8.60173881E-01  -1.05345655E-01
   8.60289523E-01  -1.09124927E-01
   8.60425728E-01  -1.11665098E-01
   8.60590082E-01  -1.13195049E-01
   8.60791861E-01  -1.13943875E-01
   8.61060699E-01  -1.14166805E-01
   9.26774118E-01  -6.03646273E-02
   1.00000000E+00  -1.52688109E-25
t=  1.20000E+00, nstep= 368, cpu=     3.4
  -5.90810157E-27   7.44049164E-27
   2.51040443E-01   1.89062342E-01
   4.96909173E-01   3.73908650E-01
   7.15227427E-01   5.37261608E-01
   9.20880548E-01   6.90625285E-01
   9.21189520E-01   6.90394352E-01
   9.21414687E-01   6.89678101E-01
   9.21599248E-01   6.88254479E-01
   9.21754535E-01   6.85898736E-01
   9.21888800E-01   6.82353384E-01
   9.22007481E-01   6.77329927E-01
   9.22114266E-01   6.70511842E-01
   9.22211836E-01   6.61551261E-01
   9.22302277E-01   6.50058412E-01
   9.22387329E-01   6.35582196E-01
   9.22468549E-01   6.17576894E-01
   9.22547472E-01   5.95342760E-01
   9.22625819E-01   5.67910878E-01
   9.22705866E-01   5.33790082E-01
   9.22791399E-01   4.90288494E-01
   9.22891353E-01   4.30901106E-01
   9.23218112E-01   2.10153936E-01
   9.23310977E-01   1.54362594E-01
   9.23390096E-01   1.12992386E-01
   9.23463661E-01   8.00944766E-02
   9.23535113E-01   5.32178840E-02
   9.23606493E-01   3.10142412E-02
   9.23679314E-01   1.26189600E-02
   9.23754903E-01  -2.57979368E-03
   9.23834588E-01  -1.50464938E-02
   9.23919830E-01  -2.51533135E-02
   9.24012367E-01  -3.32120315E-02
   9.24114388E-01  -3.94939559E-02
   9.24228792E-01  -4.42427223E-02
   9.24359571E-01  -4.76824178E-02
   9.24512361E-01  -5.00229233E-02
   9.24695062E-01  -5.14644028E-02
   9.24918350E-01  -5.22049082E-02
   9.25222772E-01  -5.24596469E-02
   9.42789137E-01  -4.07503642E-02
   1.00000000E+00  -1.86557258E-25
t=  1.40000E+00, nstep= 387, cpu=     3.5
  -8.96424395E-27   1.30131771E-26
   2.77586157E-01   1.81688354E-01
   5.48612512E-01   3.58822616E-01
   7.89683381E-01   5.15877067E-01
   9.84287987E-01   6.41917188E-01
   9.84644133E-01   6.41640873E-01
   9.84898410E-01   6.40858023E-01
   9.85106015E-01   6.39349217E-01
   9.85279867E-01   6.36910850E-01
   9.85428974E-01   6.33336794E-01
   9.85559719E-01   6.28409702E-01
   9.85676643E-01   6.21895257E-01
   9.85783078E-01   6.13534101E-01
   9.85881589E-01   6.03029137E-01
   9.85974265E-01   5.90026478E-01
   9.86062931E-01   5.74085961E-01
   9.86149342E-01   5.54630905E-01
   9.86235424E-01   5.30851779E-01
   9.86323707E-01   5.01493762E-01
   9.86418387E-01   4.64285128E-01
   9.86529359E-01   4.13739373E-01
   9.86893851E-01   2.25876571E-01
   9.86997059E-01   1.78192583E-01
   9.87084673E-01   1.42669123E-01
   9.87165700E-01   1.14302264E-01
   9.87243884E-01   9.10194186E-02
   9.87321381E-01   7.16797476E-02
   9.87399713E-01   5.55511358E-02
   9.87480142E-01   4.21143299E-02
   9.87563860E-01   3.09737684E-02
   9.87652121E-01   2.18116901E-02
   9.87746358E-01   1.43626478E-02
   9.87848318E-01   8.39874002E-03
   9.87960229E-01   3.72079389E-03
   9.88085013E-01   1.52665545E-04
   9.88226548E-01  -2.46347488E-03
   9.88389972E-01  -4.27262474E-03
   9.88582023E-01  -5.41389555E-03
   9.88812558E-01  -6.02896350E-03
   9.89130131E-01  -6.26918519E-03
   1.00000000E+00   2.95932352E-25
t=  1.42600E+00, nstep= 388, cpu=     3.5
  -7.94426003E-27   1.17755686E-26
   2.81192526E-01   1.80968032E-01
   5.55611829E-01   3.57321067E-01
   8.00051359E-01   5.13935051E-01
   9.92516705E-01   6.36489318E-01
   9.92878163E-01   6.36210773E-01
   9.93135386E-01   6.35430682E-01
   9.93345448E-01   6.33933627E-01
   9.93521497E-01   6.31519298E-01
   9.93672592E-01   6.27984974E-01
   9.93805156E-01   6.23116851E-01
   9.93923758E-01   6.16684404E-01
   9.94031757E-01   6.08432870E-01
   9.94131733E-01   5.98071271E-01
   9.94225792E-01   5.85253866E-01
   9.94315778E-01   5.69550983E-01
   9.94403468E-01   5.50399335E-01
   9.94490818E-01   5.27007159E-01
   9.94580397E-01   4.98145624E-01
   9.94676463E-01   4.61588105E-01
   9.94789052E-01   4.11955430E-01
   9.95158557E-01   2.27692708E-01
   9.95263034E-01   1.80941998E-01
   9.95351675E-01   1.46095201E-01
   9.95433594E-01   1.18252172E-01
   9.95512576E-01   9.53826244E-02
   9.95590796E-01   7.63691552E-02
   9.95669785E-01   6.04949393E-02
   9.95750805E-01   4.72519405E-02
   9.95835043E-01   3.62536907E-02
   9.95923738E-01   2.71904725E-02
   9.96018286E-01   1.98044150E-02
   9.96120360E-01   1.38749016E-02
   9.96232037E-01   9.20949623E-03
   9.96355950E-01   5.63756381E-03
   9.96495465E-01   3.00470298E-03
   9.96654843E-01   1.16700719E-03
   9.96839375E-01  -1.46161579E-05
   9.97056115E-01  -6.80103571E-04
   9.97333893E-01  -9.76891039E-04
   1.00000000E+00   2.75589625E-25
t=  1.42800E+00, nstep= 388, cpu=     3.6
  -7.94677996E-27   1.17943935E-26
   2.81471553E-01   1.80914769E-01
   5.56152797E-01   3.57209454E-01
   8.00854067E-01   5.13791942E-01
   9.93149599E-01   6.36079610E-01
   9.93511460E-01   6.35800908E-01
   9.93768905E-01   6.35021068E-01
   9.93979152E-01   6.33524984E-01
   9.94155367E-01   6.31112608E-01
   9.94306612E-01   6.27581493E-01
   9.94439313E-01   6.22718114E-01
   9.94558043E-01   6.16292236E-01
   9.94666160E-01   6.08049424E-01
   9.94766248E-01   5.97699135E-01
   9.94860413E-01   5.84896211E-01
   9.94950500E-01   5.69211751E-01
   9.95038288E-01   5.50083469E-01
   9.95125736E-01   5.26720947E-01
   9.95215413E-01   4.97897331E-01
   9.95311584E-01   4.61389433E-01
   9.95424295E-01   4.11826249E-01
   9.95794161E-01   2.27839419E-01
   9.95898723E-01   1.81160673E-01
   9.95987427E-01   1.46366096E-01
   9.96069397E-01   1.18563505E-01
   9.96148419E-01   9.57258664E-02
   9.96226667E-01   7.67375830E-02
   9.96305670E-01   6.08830102E-02
   9.96386689E-01   4.76549793E-02
   9.96470903E-01   3.66677236E-02
   9.96559541E-01   2.76121385E-02
   9.96653982E-01   2.02309127E-02
   9.96755868E-01   1.43039344E-02
   9.96867221E-01   9.63917706E-03
   9.96990572E-01   6.06624054E-03
   9.97129086E-01   3.43068977E-03
   9.97286631E-01   1.58825526E-03
   9.97467657E-01   3.99137768E-04
   9.97677282E-01  -2.77764074E-04
   9.97937741E-01  -5.92516407E-04
   1.00000000E+00   2.49807859E-25
t=  1.43000E+00, nstep= 388, cpu=     3.6
  -7.95344356E-27   1.18190941E-26
   2.81750804E-01   1.80861803E-01
   5.56694145E-01   3.57098398E-01
   8.01657530E-01   5.13649725E-01
   9.93782482E-01   6.35671001E-01
   9.94144745E-01   6.35392146E-01
   9.94402411E-01   6.34612560E-01
   9.94612843E-01   6.33117456E-01
   9.94789222E-01   6.30707049E-01
   9.94940618E-01   6.27179162E-01
   9.95073456E-01   6.22320555E-01
   9.95192313E-01   6.15901281E-01
   9.95300548E-01   6.07667232E-01
   9.95400748E-01   5.97328294E-01
   9.95495018E-01   5.84539888E-01
   9.95585206E-01   5.68873877E-01
   9.95673092E-01   5.49768973E-01
   9.95760636E-01   5.26436102E-01
   9.95850412E-01   4.97650383E-01
   9.95946688E-01   4.61192059E-01
   9.96059520E-01   4.11698289E-01
   9.96429744E-01   2.27987315E-01
   9.96534388E-01   1.81380588E-01
   9.96623154E-01   1.46638278E-01
   9.96705171E-01   1.18876163E-01
   9.96784229E-01   9.60704652E-02
   9.96862502E-01   7.71073931E-02
   9.96941515E-01   6.12724838E-02
   9.97022524E-01   4.80594365E-02
   9.97106704E-01   3.70831862E-02
   9.97195271E-01   2.80352395E-02
   9.97289585E-01   2.06588401E-02
   9.97391254E-01   1.47343715E-02
   9.97502236E-01   1.00701989E-02
   9.97624948E-01   6.49612828E-03
   9.97762334E-01   3.85764738E-03
   9.97917817E-01   2.01006078E-03
   9.98094896E-01   8.12762176E-04
   9.98296499E-01   1.23294768E-04
   9.98537497E-01  -2.11475556E-04
   1.00000000E+00   2.20417883E-25
t=  1.43200E+00, nstep= 389, cpu=     3.6
  -7.95813562E-27   1.18408058E-26
   2.82030280E-01   1.80809125E-01
   5.57235898E-01   3.56987898E-01
   8.02461750E-01   5.13508374E-01
   9.94415349E-01   6.35263452E-01
   9.94778014E-01   6.34984441E-01
   9.95035900E-01   6.34205105E-01
   9.95246515E-01   6.32710972E-01
   9.95423059E-01   6.30302517E-01
   9.95574604E-01   6.26777834E-01
   9.95707578E-01   6.21923965E-01
   9.95826560E-01   6.15511248E-01
   9.95934914E-01   6.07285902E-01
   9.96035224E-01   5.96958231E-01
   9.96129599E-01   5.84184229E-01
   9.96219887E-01   5.68536515E-01
   9.96307870E-01   5.49454789E-01
   9.96395510E-01   5.26151305E-01
   9.96485383E-01   4.97403143E-01
   9.96581762E-01   4.60993950E-01
   9.96694713E-01   4.11568983E-01
   9.97065280E-01   2.28132274E-01
   9.97169999E-01   1.81597315E-01
   9.97258819E-01   1.46907089E-01
   9.97340874E-01   1.19185295E-01
   9.97419956E-01   9.64113962E-02
   9.97498235E-01   7.74733982E-02
   9.97577235E-01   6.16580105E-02
   9.97658205E-01   4.84597908E-02
   9.97742307E-01   3.74943628E-02
   9.97830738E-01   2.84538256E-02
   9.97924826E-01   2.10819487E-02
   9.98026122E-01   1.51595629E-02
   9.98136476E-01   1.04953471E-02
   9.98258102E-01   6.91918578E-03
   9.98393535E-01   4.27627802E-03
   9.98545340E-01   2.42114727E-03
   9.98715112E-01   1.21178507E-03
   9.98901468E-01   5.03495823E-04
   9.99107617E-01   1.38512704E-04
   1.00000000E+00   1.18932812E-25
t=  1.43400E+00, nstep= 390, cpu=     3.6
  -7.96114680E-27   1.18600016E-26
   2.82309980E-01   1.80756731E-01
   5.57778060E-01   3.56877949E-01
   8.03266730E-01   5.13367880E-01
   9.95048201E-01   6.34856952E-01
   9.95411270E-01   6.34577776E-01
   9.95669376E-01   6.33798663E-01
   9.95880174E-01   6.32305449E-01
   9.96056882E-01   6.29898861E-01
   9.96208574E-01   6.26377257E-01
   9.96341683E-01   6.21527949E-01
   9.96460791E-01   6.15121559E-01
   9.96569260E-01   6.06904615E-01
   9.96669680E-01   5.96587831E-01
   9.96764159E-01   5.83827752E-01
   9.96854545E-01   5.68197731E-01
   9.96942624E-01   5.49138429E-01
   9.97030358E-01   5.25863398E-01
   9.97120328E-01   4.97151625E-01
   9.97216808E-01   4.60790070E-01
   9.97329876E-01   4.11431876E-01
   9.97700775E-01   2.28262636E-01
   9.97805563E-01   1.81797892E-01
   9.97894429E-01   1.47158588E-01
   9.97976513E-01   1.19476176E-01
   9.98055607E-01   9.67332820E-02
   9.98133878E-01   7.78196674E-02
   9.98212842E-01   6.20231823E-02
   9.98293738E-01   4.88392151E-02
   9.98377711E-01   3.78840485E-02
   9.98465927E-01   2.88503372E-02
   9.98559661E-01   2.14823236E-02
   9.98660367E-01   1.55612064E-02
   9.98769712E-01   1.08958506E-02
   9.98889545E-01   7.31601088E-03
   9.99021640E-01   4.66625306E-03
   9.99166903E-01   2.79975843E-03
   9.99323258E-01   1.57231333E-03
   9.99481829E-01   8.36370939E-04
   9.99630849E-01   4.29841215E-04
   1.00000000E+00  -4.40437443E-26
t=  1.43600E+00, nstep= 394, cpu=     3.7
  -7.96452269E-27   1.18797884E-26
   2.82589903E-01   1.80704617E-01
   5.58320637E-01   3.56768551E-01
   8.04072474E-01   5.13228236E-01
   9.95681038E-01   6.34451488E-01
   9.96044527E-01   6.34172098E-01
   9.96302859E-01   6.33393091E-01
   9.96513842E-01   6.31900567E-01
   9.96690714E-01   6.29495472E-01
   9.96842553E-01   6.25976395E-01
   9.96975795E-01   6.21130885E-01
   9.97095026E-01   6.14729805E-01
   9.97203610E-01   6.06519958E-01
   9.97304137E-01   5.96212412E-01
   9.97398717E-01   5.83464205E-01
   9.97489201E-01   5.67849352E-01
   9.97577373E-01   5.48809378E-01
   9.97665200E-01   5.25558998E-01
   9.97755263E-01   4.96878905E-01
   9.97851843E-01   4.60559010E-01
   9.97965026E-01   4.11259461E-01
   9.98336247E-01   2.28328338E-01
   9.98441095E-01   1.81926532E-01
   9.98529997E-01   1.47332704E-01
   9.98612092E-01   1.19685278E-01
   9.98691168E-01   9.69697198E-02
   9.98769382E-01   7.80773531E-02
   9.98848229E-01   6.22970342E-02
   9.98928915E-01   4.91248654E-02
   9.99012523E-01   3.81776683E-02
   9.99100108E-01   2.91485061E-02
   9.99192730E-01   2.17818860E-02
   9.99291408E-01   1.58590478E-02
   9.99396899E-01   1.11884993E-02
   9.99509062E-01   7.59895608E-03
   9.99625378E-01   4.93298749E-03
   9.99738475E-01   3.04115572E-03
   9.99835290E-01   1.77819867E-03
   9.99904300E-01   1.00023092E-03
   9.99946630E-01   5.50921329E-04
   1.00000000E+00  -2.23826336E-26
t=  1.43800E+00, nstep= 401, cpu=     3.8
  -7.96771045E-27   1.18993137E-26
   2.82870047E-01   1.80652776E-01
   5.58863631E-01   3.56659697E-01
   8.04878975E-01   5.13089427E-01
   9.96313854E-01   6.34047043E-01
   9.96677756E-01   6.33767423E-01
   9.96936309E-01   6.32988475E-01
   9.97147472E-01   6.31496554E-01
   9.97324500E-01   6.29092813E-01
   9.97476479E-01   6.25576055E-01
   9.97609847E-01   6.20734057E-01
   9.97729192E-01   6.14337910E-01
   9.97837880E-01   6.06134675E-01
   9.97938504E-01   5.95835757E-01
   9.98033173E-01   5.83098662E-01
   9.98123739E-01   5.67498036E-01
   9.98211987E-01   5.48476234E-01
   9.98299884E-01   5.25249088E-01
   9.98390012E-01   4.96598926E-01
   9.98486650E-01   4.60318494E-01
   9.98599878E-01   4.11074686E-01
   9.98970584E-01   2.28379531E-01
   9.99074831E-01   1.82041764E-01
   9.99162864E-01   1.47493874E-01
   9.99243671E-01   1.19881195E-01
   9.99320807E-01   9.71918654E-02
   9.99396062E-01   7.83184903E-02
   9.99470344E-01   6.25505103E-02
   9.99543914E-01   4.93841503E-02
   9.99616392E-01   3.84360097E-02
   9.99686673E-01   2.93987144E-02
   9.99752922E-01   2.20163506E-02
   9.99812848E-01   1.60700977E-02
   9.99864363E-01   1.13691433E-02
   9.99906301E-01   7.74395941E-03
   9.99938591E-01   5.04027691E-03
   9.99961988E-01   3.11320395E-03
   9.99977804E-01   1.82206534E-03
   9.99987555E-01   1.02506029E-03
   9.99993162E-01   5.64647701E-04
   1.00000000E+00  -2.23352399E-27
t=  1.44000E+00, nstep= 408, cpu=     3.8
  -7.98259611E-27   1.19366991E-26
   2.83150451E-01   1.80601235E-01
   5.59407116E-01   3.56551431E-01
   8.05686380E-01   5.12951543E-01
   9.96946670E-01   6.33643622E-01
   9.97311224E-01   6.33363140E-01
   9.97570087E-01   6.32582720E-01
   9.97781438E-01   6.31088447E-01
   9.97958585E-01   6.28681249E-01
   9.98110623E-01   6.25159730E-01
   9.98243996E-01   6.20311460E-01
   9.98363287E-01   6.13907307E-01
   9.98471859E-01   6.05694093E-01
   9.98572291E-01   5.95383005E-01
   9.98666679E-01   5.82631368E-01
   9.98756846E-01   5.67013669E-01
   9.98844539E-01   5.47972098E-01
   9.98931656E-01   5.24722259E-01
   9.99020654E-01   4.96046151E-01
   9.99115549E-01   4.59736098E-01
   9.99225670E-01   4.10459113E-01
   9.99562970E-01   2.28128858E-01
   9.99645981E-01   1.81898607E-01
   9.99709501E-01   1.47426157E-01
   9.99761565E-01   1.19867480E-01
   9.99805263E-01   9.72155144E-02
   9.99842224E-01   7.83659406E-02
   9.99873494E-01   6.26106266E-02
   9.99899848E-01   4.94479371E-02
   9.99921908E-01   3.84965840E-02
   9.99940201E-01   2.94515329E-02
   9.99955187E-01   2.20592839E-02
   9.99967277E-01   1.61029950E-02
   9.99976843E-01   1.13930760E-02
   9.99984224E-01   7.76053702E-03
   9.99989730E-01   5.05119036E-03
   9.99993656E-01   3.12001806E-03
   9.99996286E-01   1.82610947E-03
   9.99997911E-01   1.02732824E-03
   9.99998850E-01   5.65833074E-04
   1.00000000E+00   1.58956869E-27
t=  1.44200E+00, nstep= 413, cpu=     3.9
  -8.05649870E-27   1.20660760E-26
   2.83431472E-01   1.80550218E-01
   5.59951750E-01   3.56444170E-01
   8.06496053E-01   5.12815449E-01
   9.97579522E-01   6.33241213E-01
   9.97946263E-01   6.32953889E-01
   9.98204843E-01   6.32157286E-01
   9.98414258E-01   6.30632815E-01
   9.98587983E-01   6.28177591E-01
   9.98735111E-01   6.24586649E-01
   9.98862046E-01   6.19644008E-01
   9.98973322E-01   6.13116848E-01
   9.99072244E-01   6.04748075E-01
   9.99161315E-01   5.94244626E-01
   9.99242519E-01   5.81259075E-01
   9.99317500E-01   5.65360395E-01
   9.99387715E-01   5.45984086E-01
   9.99454575E-01   5.22337220E-01
   9.99519666E-01   4.93190269E-01
   9.99585246E-01   4.56319099E-01
   9.99656075E-01   4.06369748E-01
   9.99831188E-01   2.28021428E-01
   9.99867992E-01   1.81833847E-01
   9.99894203E-01   1.47382699E-01
   9.99914588E-01   1.19837653E-01
   9.99931050E-01   9.71951100E-02
   9.99944589E-01   7.83522393E-02
   9.99955818E-01   6.26017580E-02
   9.99965151E-01   4.94426507E-02
   9.99972890E-01   3.84940633E-02
   9.99979268E-01   2.94511788E-02
   9.99984474E-01   2.20605686E-02
   9.99988666E-01   1.61054116E-02
   9.99991980E-01   1.13961474E-02
   9.99994535E-01   7.76384295E-03
   9.99996441E-01   5.05438253E-03
   9.99997800E-01   3.12282449E-03
   9.99998711E-01   1.82832675E-03
   9.99999274E-01   1.02873971E-03
   9.99999601E-01   5.66110480E-04
   1.00000000E+00  -1.62850037E-27
t=  1.44400E+00, nstep= 419, cpu=     3.9
  -8.59647072E-27   1.29853405E-26
   2.83707626E-01   1.80496236E-01
   5.60486449E-01   3.56330869E-01
   8.07291175E-01   5.12670513E-01
   9.98182536E-01   6.32821041E-01
   9.98528484E-01   6.32520676E-01
   9.98748398E-01   6.31693365E-01
   9.98912407E-01   6.30121783E-01
   9.99039802E-01   6.27599584E-01
   9.99142373E-01   6.23917168E-01
   9.99227719E-01   6.18853564E-01
   9.99300783E-01   6.12170763E-01
   9.99364873E-01   6.03606280E-01
   9.99422289E-01   5.92861435E-01
   9.99474711E-01   5.79582882E-01
   9.99523431E-01   5.63333174E-01
   9.99569524E-01   5.43540469E-01
   9.99613990E-01   5.19402791E-01
   9.99657941E-01   4.89678522E-01
   9.99702971E-01   4.52126695E-01
   9.99752490E-01   4.01376997E-01
   9.99874869E-01   2.28058887E-01
   9.99901958E-01   1.81883992E-01
   9.99921341E-01   1.47429013E-01
   9.99936456E-01   1.19878909E-01
   9.99948680E-01   9.72322310E-02
   9.99958745E-01   7.83861595E-02
   9.99967098E-01   6.26330312E-02
   9.99974045E-01   4.94715193E-02
   9.99979806E-01   3.85206109E-02
   9.99984556E-01   2.94754342E-02
   9.99988433E-01   2.20825410E-02
   9.99991555E-01   1.61250887E-02
   9.99994023E-01   1.14134989E-02
   9.99995926E-01   7.77884230E-03
   9.99997346E-01   5.06702403E-03
   9.99998358E-01   3.13311581E-03
   9.99999037E-01   1.83622610E-03
   9.99999457E-01   1.03390617E-03
   9.99999703E-01   5.67026043E-04
   1.00000000E+00   6.88219713E-28
t=  1.44600E+00, nstep= 422, cpu=     4.0
  -1.19820056E-26   1.85352993E-26
   2.83940074E-01   1.80414638E-01
   5.60932078E-01   3.56161362E-01
   8.07955460E-01   5.12443452E-01
   9.98525908E-01   6.32238673E-01
   9.98773069E-01   6.31928576E-01
   9.98928540E-01   6.31081654E-01
   9.99047921E-01   6.29481742E-01
   9.99144481E-01   6.26916078E-01
   9.99225431E-01   6.23170003E-01
   9.99295219E-01   6.18018501E-01
   9.99356758E-01   6.11219692E-01
   9.99412061E-01   6.02507175E-01
   9.99462591E-01   5.91578098E-01
   9.99509468E-01   5.78074468E-01
   9.99553610E-01   5.61553541E-01
   9.99595830E-01   5.41437274E-01
   9.99636939E-01   5.16916183E-01
   9.99677895E-01   4.86739387E-01
   9.99720140E-01   4.48655081E-01
   9.99766851E-01   3.97289682E-01
   9.99880155E-01   2.28086905E-01
   9.99906056E-01   1.81929416E-01
   9.99924613E-01   1.47473784E-01
   9.99939092E-01   1.19919802E-01
   9.99950806E-01   9.72687758E-02
   9.99960453E-01   7.84185685E-02
   9.99968460E-01   6.26616436E-02
   9.99975120E-01   4.94966362E-02
   9.99980644E-01   3.85424795E-02
   9.99985197E-01   2.94942753E-02
   9.99988914E-01   2.20985783E-02
   9.99991907E-01   1.61385664E-02
   9.99994273E-01   1.14246883E-02
   9.99996096E-01   7.78803944E-03
   9.99997456E-01   5.07453175E-03
   9.99998425E-01   3.13918866E-03
   9.99999075E-01   1.84093956E-03
   9.99999478E-01   1.03696482E-03
   9.99999714E-01   5.67657285E-04
   1.00000000E+00  -1.84065410E-27
t=  1.44800E+00, nstep= 425, cpu=     4.0
  -1.35743592E-26   2.11267761E-26
   2.84130398E-01   1.80306542E-01
   5.61290583E-01   3.55937066E-01
   8.08499244E-01   5.12141228E-01
   9.98580582E-01   6.31475932E-01
   9.98797381E-01   6.31168757E-01
   9.98946924E-01   6.30310011E-01
   9.99062508E-01   6.28682830E-01
   9.99156414E-01   6.26073739E-01
   9.99235448E-01   6.22265918E-01
   9.99303819E-01   6.17031551E-01
   9.99364291E-01   6.10125464E-01
   9.99418770E-01   6.01277820E-01
   9.99468647E-01   5.90182224E-01
   9.99514997E-01   5.76476886E-01
   9.99558705E-01   5.59714926E-01
   9.99600562E-01   5.39313660E-01
   9.99641360E-01   5.14458170E-01
   9.99682040E-01   4.83891185E-01
   9.99724029E-01   4.45354453E-01
   9.99770462E-01   3.93479487E-01
   9.99880474E-01   2.28055449E-01
   9.99906287E-01   1.81929094E-01
   9.99924789E-01   1.47482541E-01
   9.99939228E-01   1.19932014E-01
   9.99950911E-01   9.72823000E-02
   9.99960533E-01   7.84323936E-02
   9.99968520E-01   6.26752307E-02
   9.99975163E-01   4.95096675E-02
   9.99980674E-01   3.85547517E-02
   9.99985217E-01   2.95056544E-02
   9.99988926E-01   2.21089775E-02
   9.99991913E-01   1.61479333E-02
   9.99994275E-01   1.14329947E-02
   9.99996097E-01   7.79527081E-03
   9.99997457E-01   5.08067443E-03
   9.99998426E-01   3.14420989E-03
   9.99999077E-01   1.84476218E-03
   9.99999480E-01   1.03942484E-03
   9.99999716E-01   5.68266790E-04
   1.00000000E+00   3.68531950E-28
t=  1.45000E+00, nstep= 427, cpu=     4.0
  -1.36698698E-26   2.13119318E-26
   2.84313299E-01   1.80194016E-01
   5.61633642E-01   3.55703550E-01
   8.09022189E-01   5.11826673E-01
   9.98582728E-01   6.30682051E-01
   9.98797171E-01   6.30380928E-01
   9.98947822E-01   6.29515618E-01
   9.99064025E-01   6.27867595E-01
   9.99158218E-01   6.25222429E-01
   9.99237394E-01   6.21360866E-01
   9.99305843E-01   6.16052438E-01
   9.99366360E-01   6.09049235E-01
   9.99420869E-01   6.00078570E-01
   9.99470770E-01   5.88831055E-01
   9.99517143E-01   5.74941705E-01
   9.99560873E-01   5.57960136E-01
   9.99602754E-01   5.37299714E-01
   9.99643579E-01   5.12140987E-01
   9.99684287E-01   4.81221607E-01
   9.99726300E-01   4.42279099E-01
   9.99772731E-01   3.89954827E-01
   9.99880275E-01   2.28017445E-01
   9.99906126E-01   1.81918777E-01
   9.99924660E-01   1.47479474E-01
   9.99939124E-01   1.19931529E-01
   9.99950828E-01   9.72829017E-02
   9.99960466E-01   7.84335122E-02
   9.99968467E-01   6.26766208E-02
   9.99975122E-01   4.95112095E-02
   9.99980641E-01   3.85563777E-02
   9.99985192E-01   2.95073194E-02
   9.99988907E-01   2.21106477E-02
   9.99991899E-01   1.61495794E-02
   9.99994264E-01   1.14345880E-02
   9.99996089E-01   7.79677892E-03
   9.99997451E-01   5.08205768E-03
   9.99998422E-01   3.14541788E-03
   9.99999074E-01   1.84573096E-03
   9.99999478E-01   1.04006882E-03
   9.99999715E-01   5.68424401E-04
   1.00000000E+00  -1.85499238E-28
t=  1.45200E+00, nstep= 428, cpu=     4.0
  -1.37146484E-26   2.14110497E-26
   2.84495943E-01   1.80081616E-01
   5.61976062E-01   3.55470220E-01
   8.09544811E-01   5.11512714E-01
   9.98580308E-01   6.29887302E-01
   9.98794933E-01   6.29588890E-01
   9.98946788E-01   6.28718879E-01
   9.99063868E-01   6.27053043E-01
   9.99158593E-01   6.24375645E-01
   9.99238109E-01   6.20465246E-01
   9.99306793E-01   6.15089010E-01
   9.99367484E-01   6.07996601E-01
   9.99422129E-01   5.98912806E-01
   9.99472141E-01   5.87525592E-01
   9.99518608E-01   5.73467178E-01
   9.99562423E-01   5.56284153E-01
   9.99604381E-01   5.35386539E-01
   9.99645278E-01   5.09951171E-01
   9.99686056E-01   4.78711855E-01
   9.99728133E-01   4.39403984E-01
   9.99774602E-01   3.86683142E-01
   9.99879966E-01   2.27988789E-01
   9.99905877E-01   1.81915884E-01
   9.99924460E-01   1.47482403E-01
   9.99938962E-01   1.19935919E-01
   9.99950698E-01   9.72874803E-02
   9.99960362E-01   7.84378807E-02
   9.99968384E-01   6.26806689E-02
   9.99975056E-01   4.95149272E-02
   9.99980591E-01   3.85597881E-02
   9.99985154E-01   2.95104538E-02
   9.99988878E-01   2.21135354E-02
   9.99991878E-01   1.61522433E-02
   9.99994250E-01   1.14370402E-02
   9.99996079E-01   7.79901691E-03
   9.99997444E-01   5.08405859E-03
   9.99998418E-01   3.14713294E-03
   9.99999071E-01   1.84708311E-03
   9.99999477E-01   1.04094890E-03
   9.99999714E-01   5.68636040E-04
   1.00000000E+00  -7.18737828E-29
t=  1.45400E+00, nstep= 429, cpu=     4.0
  -1.36201485E-26   2.12787907E-26
   2.84678625E-01   1.79969521E-01
   5.62318557E-01   3.55237518E-01
   8.10067501E-01   5.11199566E-01
   9.98578854E-01   6.29095176E-01
   9.98793498E-01   6.28798417E-01
   9.98946134E-01   6.27924323E-01
   9.99063871E-01   6.26242918E-01
   9.99159023E-01   6.23536477E-01
   9.99238830E-01   6.19581430E-01
   9.99307720E-01   6.14142770E-01
   9.99368563E-01   6.06967967E-01
   9.99423327E-01   5.97779533E-01
   9.99473438E-01   5.86263067E-01
   9.99519989E-01   5.72048307E-01
   9.99563879E-01   5.54679202E-01
   9.99605906E-01   5.33562915E-01
   9.99646868E-01   5.07873230E-01
   9.99687707E-01   4.76341097E-01
   9.99729838E-01   4.36701448E-01
   9.99776335E-01   3.83627446E-01
   9.99879669E-01   2.27969158E-01
   9.99905637E-01   1.81919841E-01
   9.99924267E-01   1.47490488E-01
   9.99938807E-01   1.19944077E-01
   9.99950572E-01   9.72946650E-02
   9.99960262E-01   7.84438737E-02
   9.99968305E-01   6.26855100E-02
   9.99974993E-01   4.95187361E-02
   9.99980542E-01   3.85627044E-02
   9.99985116E-01   2.95126160E-02
   9.99988851E-01   2.21150743E-02
   9.99991858E-01   1.61532805E-02
   9.99994236E-01   1.14376884E-02
   9.99996070E-01   7.79937980E-03
   9.99997438E-01   5.08423155E-03
   9.99998414E-01   3.14720276E-03
   9.99999069E-01   1.84712676E-03
   9.99999475E-01   1.04102420E-03
   9.99999713E-01   5.68729890E-04
   1.00000000E+00  -5.62989140E-29
t=  2.00000E+00, nstep= 449, cpu=     4.2
  -3.55369010E-26   7.70735565E-26
   3.48039872E-01   1.63579284E-01
   6.80188003E-01   3.19389810E-01
   9.74748066E-01   4.57872589E-01
   9.98176100E-01   4.68310577E-01
   9.98438779E-01   4.68013641E-01
   9.98622534E-01   4.67283358E-01
   9.98768532E-01   4.65945905E-01
   9.98889158E-01   4.63837097E-01
   9.98991798E-01   4.60790302E-01
   9.99081222E-01   4.56632790E-01
   9.99160655E-01   4.51183308E-01
   9.99232368E-01   4.44249093E-01
   9.99298033E-01   4.35621730E-01
   9.99358929E-01   4.25071251E-01
   9.99416079E-01   4.12337602E-01
   9.99470345E-01   3.97117739E-01
   9.99522495E-01   3.79044757E-01
   9.99573278E-01   3.57650906E-01
   9.99623521E-01   3.32293674E-01
   9.99674315E-01   3.01977236E-01
   9.99728054E-01   2.64442410E-01
   9.99777219E-01   2.25102591E-01
   9.99819328E-01   1.87763024E-01
   9.99854056E-01   1.54648938E-01
   9.99882481E-01   1.26175547E-01
   9.99905826E-01   1.02005237E-01
   9.99925087E-01   8.16202243E-02
   9.99941011E-01   6.45188464E-02
   9.99954161E-01   5.02623139E-02
   9.99964967E-01   3.84754673E-02
   9.99973769E-01   2.88365477E-02
   9.99980849E-01   2.10663107E-02
   9.99986442E-01   1.49190826E-02
   9.99990754E-01   1.01753527E-02
   9.99993972E-01   6.63461676E-03
   9.99996268E-01   4.10807911E-03
   9.99997809E-01   2.41189113E-03
   9.99998765E-01   1.35973857E-03
   9.99999326E-01   7.42161790E-04
   1.00000000E+00  -4.94457067E-28
t=  4.00000E+00, nstep= 492, cpu=     4.7
   8.36529919E-27  -3.52600076E-26
   4.08220908E-01   9.88983807E-02
   7.89354298E-01   1.91433122E-01
   9.96684827E-01   2.41193546E-01
   9.97120256E-01   2.40997445E-01
   9.97378515E-01   2.40669260E-01
   9.97582473E-01   2.40183718E-01
   9.97756795E-01   2.39505920E-01
   9.97910441E-01   2.38602576E-01
   9.98048217E-01   2.37441011E-01
   9.98173295E-01   2.35988247E-01
   9.98287988E-01   2.34210452E-01
   9.98394066E-01   2.32072525E-01
   9.98492928E-01   2.29537698E-01
   9.98585708E-01   2.26567094E-01
   9.98673343E-01   2.23119174E-01
   9.98756624E-01   2.19149046E-01
   9.98836235E-01   2.14607550E-01
   9.98912782E-01   2.09440030E-01
   9.98986815E-01   2.03584623E-01
   9.99058856E-01   1.96969809E-01
   9.99129416E-01   1.89510708E-01
   9.99199031E-01   1.81103428E-01
   9.99268285E-01   1.71616344E-01
   9.99337855E-01   1.60878313E-01
   9.99408518E-01   1.48667955E-01
   9.99481068E-01   1.34723263E-01
   9.99555910E-01   1.18838315E-01
   9.99632011E-01   1.01173799E-01
   9.99705900E-01   8.26716452E-02
   9.99772820E-01   6.49066177E-02
   9.99829642E-01   4.91973886E-02
   9.99875825E-01   3.60956981E-02
   9.99912273E-01   2.55964673E-02
   9.99940279E-01   1.74601410E-02
   9.99961111E-01   1.13811417E-02
   9.99975940E-01   7.04437429E-03
   9.99985878E-01   4.13539744E-03
   9.99992033E-01   2.33332303E-03
   9.99995643E-01   1.27597187E-03
   1.00000000E+00  -2.05279452E-28
t=  6.00000E+00, nstep= 504, cpu=     5.0
   5.93702248E-27  -3.70686878E-26
   5.28972159E-01   8.62244145E-02
   9.67902167E-01   1.58205050E-01
   9.95370461E-01   1.62307963E-01
   9.95970968E-01   1.62113763E-01
   9.96310239E-01   1.61832921E-01
   9.96567770E-01   1.61464733E-01
   9.96785194E-01   1.60992824E-01
   9.96977386E-01   1.60400442E-01
   9.97151277E-01   1.59671490E-01
   9.97310825E-01   1.58790185E-01
   9.97458645E-01   1.57740698E-01
   9.97596638E-01   1.56506885E-01
   9.97726279E-01   1.55072067E-01
   9.97848756E-01   1.53418843E-01
   9.97965057E-01   1.51528886E-01
   9.98076019E-01   1.49382718E-01
   9.98182370E-01   1.46959444E-01
   9.98284750E-01   1.44236413E-01
   9.98383740E-01   1.41188791E-01
   9.98479872E-01   1.37788998E-01
   9.98573652E-01   1.34005954E-01
   9.98665569E-01   1.29804039E-01
   9.98756121E-01   1.25141612E-01
   9.98845828E-01   1.19968829E-01
   9.98935268E-01   1.14224246E-01
   9.99025115E-01   1.07829286E-01
   9.99116216E-01   1.00678876E-01
   9.99209694E-01   9.26262429E-02
   9.99307043E-01   8.34647104E-02
   9.99409930E-01   7.29387746E-02
   9.99518803E-01   6.09087441E-02
   9.99629505E-01   4.78325662E-02
   9.99731799E-01   3.51150490E-02
   9.99816230E-01   2.42618233E-02
   9.99880292E-01   1.58720532E-02
   9.99925996E-01   9.83146420E-03
   9.99956586E-01   5.77219599E-03
   9.99975507E-01   3.25745389E-03
   9.99986602E-01   1.78195345E-03
   1.00000000E+00  -1.83205498E-28
t=  8.00000E+00, nstep= 527, cpu=     5.3
  -3.16206758E-27   2.57862671E-26
   5.45582081E-01   6.70565496E-02
   9.94012092E-01   1.22181525E-01
   9.94834390E-01   1.22003004E-01
   9.95271097E-01   1.21752879E-01
   9.95587928E-01   1.21446052E-01
   9.95848258E-01   1.21075380E-01
   9.96075456E-01   1.20631211E-01
   9.96280224E-01   1.20103934E-01
   9.96468283E-01   1.19484239E-01
   9.96643097E-01   1.18762995E-01
   9.96806994E-01   1.17931085E-01
   9.96961661E-01   1.16979257E-01
   9.97108403E-01   1.15898006E-01
   9.97248271E-01   1.14677460E-01
   9.97382142E-01   1.13307271E-01
   9.97510767E-01   1.11776502E-01
   9.97634804E-01   1.10073483E-01
   9.97754842E-01   1.08185657E-01
   9.97871415E-01   1.06099369E-01
   9.97985023E-01   1.03799615E-01
   9.98096139E-01   1.01269706E-01
   9.98205225E-01   9.84908340E-02
   9.98312742E-01   9.54414826E-02
   9.98419169E-01   9.20966138E-02
   9.98525014E-01   8.84265069E-02
   9.98630844E-01   8.43950346E-02
   9.98737323E-01   7.99569814E-02
   9.98845267E-01   7.50536269E-02
   9.98955744E-01   6.96050851E-02
   9.99070247E-01   6.34969332E-02
   9.99190923E-01   5.65598571E-02
   9.99320635E-01   4.85567168E-02
   9.99461407E-01   3.92837123E-02
   9.99607249E-01   2.91223077E-02
   9.99738004E-01   1.96336216E-02
   9.99837268E-01   1.22594036E-02
   9.99904517E-01   7.20895773E-03
   9.99946145E-01   4.06921141E-03
   9.99970556E-01   2.22534488E-03
   1.00000000E+00  -2.09844025E-28
t=  1.00000E+01, nstep= 532, cpu=     5.5
  -2.94950787E-27   2.97658239E-26
   5.52829668E-01   5.45479988E-02
   9.92764261E-01   9.77296855E-02
   9.93784867E-01   9.75490017E-02
   9.94318100E-01   9.73036645E-02
   9.94696818E-01   9.70140260E-02
   9.95002410E-01   9.66771339E-02
   9.95265857E-01   9.62865649E-02
   9.95501666E-01   9.58354344E-02
   9.95717598E-01   9.53169802E-02
   9.95918255E-01   9.47246058E-02
   9.96106613E-01   9.40517989E-02
   9.96284743E-01   9.32920318E-02
   9.96454181E-01   9.24386678E-02
   9.96616122E-01   9.14848756E-02
   9.96771538E-01   9.04235468E-02
   9.96921247E-01   8.92472121E-02
   9.97065956E-01   8.79479508E-02
   9.97206290E-01   8.65172863E-02
   9.97342815E-01   8.49460635E-02
   9.97476056E-01   8.32242977E-02
   9.97606509E-01   8.13409862E-02
   9.97734651E-01   7.92838650E-02
   9.97860960E-01   7.70390903E-02
   9.97985917E-01   7.45908101E-02
   9.98110031E-01   7.19205740E-02
   9.98233853E-01   6.90064952E-02
   9.98358006E-01   6.58220197E-02
   9.98483221E-01   6.23340386E-02
   9.98610404E-01   5.84998302E-02
   9.98740741E-01   5.42617636E-02
   9.98875901E-01   4.95374938E-02
   9.99018400E-01   4.42012750E-02
   9.99172163E-01   3.80536008E-02
   9.99342093E-01   3.08297268E-02
   9.99525947E-01   2.25783659E-02
   9.99695907E-01   1.46364724E-02
   9.99820540E-01   8.67964135E-03
   9.99898763E-01   4.90507732E-03
   9.99944667E-01   2.68250553E-03
   1.00000000E+00  -3.35434474E-28
