'nseg'  40
'niseg' 40*1
'yseg'   0.0       0.0
         0.025     1.956640E-1
         0.05      3.872342E-1
         0.075     5.707131E-1
         0.1       7.422937E-1
         0.125     8.984484E-1
         0.15      1.036012
         0.175     1.152255
         0.2       1.244949
         0.225     1.312412
         0.25      1.353553
         0.275     1.367891
         0.3       1.355565
         0.325     1.317326
         0.35      1.254520
         0.375     1.169046
         0.4       1.063313
         0.425     9.401754E-1
         0.45      8.028611E-1
         0.475     6.548931E-1
         0.5       5.000000E-1
         0.525     3.420242E-1
         0.55      1.848271E-1
         0.575     3.219446E-2
         0.6      -1.122569E-1
         0.625    -2.451670E-1
         0.65     -3.635137E-1
         0.675    -4.646864E-1
         0.7      -5.465480E-1
         0.725    -6.074853E-1
         0.75     -6.464466E-1
         0.775    -6.629643E-1
         0.8      -6.571638E-1
         0.825    -6.297572E-1
         0.85     -5.820217E-1
         0.875    -5.157650E-1
         0.9      -4.332767E-1
         0.925    -3.372678E-1
         0.95     -2.307997E-1
         0.975    -1.172049E-1
         1.0       0.0
'bcl'    1
'bcr'    1
'left'   1
'right'  1
'kreg'   2
'segvsc' 1.0e-7
'segspr' 0.
'dxmin'  0.
'fdinc'  1.e-7
'imsg'   0
'ofreq'  0
'mstep'  1000
'nout'   28
'tout'   .0 .2 .4 .6 .8 1. 1.2 1.4 1.426 1.428 1.430 
         1.432 1.434 1.436 1.438 1.440 1.442 1.444
         1.446 1.448 1.450 1.452 1.454 2 4 6 8 10
'rtol'   0.1
'u-ptol' 1.e-3
'x-ptol' 1.e-3
'h'      1.e-3
'hlb'    1.e-8
'hub'    1.e+8
'margin' 2.
'ntol'   .1
'mitr'   4
'vtol'   .1
'mvec'   3
'visc'   1.e-4
'scale'   1.0
